0.05 0.0
0.15000000000000002 0.0
0.25 0.0
0.35000000000000003 0.0
0.45 0.0
0.55 0.0
0.65 0.0
0.75 0.0
0.8500000000000001 0.0
0.9500000000000001 0.0
1.05 0.0
1.1500000000000001 0.0
1.25 0.0
1.35 0.0
1.4500000000000002 0.0
1.55 0.0
1.6500000000000001 0.0
1.75 0.0
1.85 0.0
1.9500000000000002 0.0
2.0500000000000003 0.0
2.15 0.0
2.25 0.0
2.35 0.0
2.45 0.0
2.5500000000000003 0.0
2.6500000000000004 0.0
2.75 0.0
2.85 0.0
2.95 0.0
3.0500000000000003 0.0013165106753700027
3.1500000000000004 0.004526711478701882
3.25 0.022788345828947062
3.35 0.09453048631998763
3.45 0.29547461941458714
3.5500000000000003 0.7859345595771161
3.6500000000000004 1.4107471962536808
3.75 2.2375459905623316
3.85 2.96544349212747
3.95 3.3932173074115477
4.05 3.7690106004225727
4.15 3.9705093470294104
4.25 4.129927491703353
4.3500000000000005 4.381387438524262
4.45 4.574320666789865
4.55 4.737210985641462
4.65 4.913089953283753
4.75 5.118805454129122
4.8500000000000005 5.123325293932996
4.95 5.251172512264156
5.050000000000001 5.238561443383251
5.15 5.103565164157721
5.25 4.881659469717906
5.3500000000000005 4.765000069613763
5.45 4.6456572204550834
5.550000000000001 4.546962833920333
5.65 4.50459047021688
5.75 4.460428948854446
5.8500000000000005 4.489806518486423
5.95 4.469537657120082
6.050000000000001 4.476131853555952
6.15 4.401300780875005
6.25 4.346603544178348
6.3500000000000005 4.3361407157500285
6.45 4.294419863226371
6.550000000000001 4.245328771766554
6.65 4.161750057093889
6.75 4.149973411435916
6.8500000000000005 4.0681835618703905
6.95 4.048512725122895
7.050000000000001 3.961445490547649
7.15 3.8749105761005627
7.25 3.8167900099898797
7.3500000000000005 3.7448162939942473
7.45 3.6707825613401357
7.550000000000001 3.6129920599373233
7.65 3.59867102407383
7.75 3.5837299184612275
7.8500000000000005 3.5905000007691585
7.95 3.585308239861568
8.05 3.609490307263104
8.15 3.6474861488804606
8.25 3.6777506321563513
8.35 3.6768434145700826
8.450000000000001 3.6519299763125326
8.55 3.6395587364989943
8.65 3.5827304443404566
8.75 3.512762727139099
8.85 3.450972210699493
8.950000000000001 3.427170601823744
9.05 3.3831412630143074
9.15 3.3897626630546243
9.25 3.359404861153949
9.35 3.3793295879328586
9.450000000000001 3.400851512561949
9.55 3.398478896545946
9.65 3.4170086589660102
9.75 3.405528150950747
9.850000000000001 3.403304314405983
9.950000000000001 3.4031568215694703
10.05 3.3993881140707036
10.15 3.4404681733946743
10.25 3.4817667246424078
10.350000000000001 3.5483504348270793
10.450000000000001 3.623915634302348
10.55 3.6844183036024716
10.65 3.7765561721317193
10.75 3.8394866436519437
10.850000000000001 3.92227047964483
10.950000000000001 3.9867312607508385
11.05 4.094200267313056
11.15 4.153514996703355
11.25 4.170773261390972
11.350000000000001 4.153909850828684
11.450000000000001 4.096514595627542
11.55 3.997639821874227
11.65 3.915591002802388
11.75 3.8062793662225416
11.850000000000001 3.706325721665331
11.950000000000001 3.588477577703929
12.05 3.4496097452298766
12.15 3.320515726121884
12.25 3.177093793132918
12.350000000000001 3.05336236450669
12.450000000000001 2.9351279654769047
12.55 2.829476484495016
12.65 2.74741988147391
12.75 2.660478994294767
12.850000000000001 2.5960217905249428
12.950000000000001 2.5266231020515897
13.05 2.462709757086672
13.15 2.387282498082734
13.25 2.284369898132257
13.350000000000001 2.2064635180312053
13.450000000000001 2.1384039042507466
13.55 2.0625710654178833
13.65 2.0034869382837512
13.75 1.9453151376994973
13.850000000000001 1.895788170892565
13.950000000000001 1.873001501712277
14.05 1.8428936040463413
14.15 1.824472878579467
14.25 1.7991210882123603
14.350000000000001 1.7829025877464173
14.450000000000001 1.761618872646973
14.55 1.7316805594899871
14.65 1.700965993117365
14.75 1.6773573792471412
14.850000000000001 1.634334859689942
14.950000000000001 1.6031687514833282
15.05 1.5521712069172988
15.15 1.5191270831358976
15.25 1.478067331905108
15.350000000000001 1.4235089646869754
15.450000000000001 1.4053838808515766
15.55 1.3588824059455964
15.65 1.3449043109730219
15.75 1.3232095673102593
15.850000000000001 1.316960894885836
15.950000000000001 1.2979840697801062
16.05 1.2831698875991577
16.150000000000002 1.2766261050167607
16.25 1.2704925762881092
16.35 1.2530441826960075
16.45 1.2395376592427683
16.55 1.2359892626981372
16.650000000000002 1.2071952072475722
16.75 1.1841452551186977
16.85 1.1618742660956436
16.95 1.1293484020574032
17.05 1.1107295833719961
17.150000000000002 1.0900194530996528
17.25 1.0609555530827166
17.35 1.0401897774850748
17.45 1.0229016657786751
17.55 1.015803247811976
17.650000000000002 1.005394632641168
17.75 0.9878082474828986
17.85 0.9828565471913457
17.95 0.9698123896686391
18.05 0.9583247264202757
18.150000000000002 0.9452722700898046
18.25 0.9320682438151576
18.35 0.9222427027523347
18.45 0.9137162795122467
18.55 0.9097837092559569
18.650000000000002 0.8960978705234778
18.75 0.8844794930175208
18.85 0.8707974657129209
18.95 0.8602993585620885
19.05 0.8424290858993406
19.150000000000002 0.8292976804016496
19.25 0.8109196101024052
19.35 0.7976841835919571
19.450000000000003 0.7813099293619434
19.55 0.766906395625968
19.650000000000002 0.7576705762041571
19.75 0.7549612897471163
19.85 0.7533033748934382
19.950000000000003 0.7412135189468785
20.05 0.7430759376391654
20.150000000000002 0.7260111717170754
20.25 0.7222885261841822
20.35 0.707753634873232
20.450000000000003 0.6946739385894499
20.55 0.6883218268532418
20.650000000000002 0.6840910678499015
20.75 0.6778501892033765
20.85 0.6689280504391724
20.950000000000003 0.6524989208849064
21.05 0.6535417178973991
21.150000000000002 0.6479648195230299
21.25 0.6345879407585431
21.35 0.6294494584731776
21.450000000000003 0.6134285441777283
21.55 0.6052260955109046
21.650000000000002 0.5992514995818469
21.75 0.5916094206331591
21.85 0.581934048340087
21.950000000000003 0.5784497287557925
22.05 0.5734957901379918
22.150000000000002 0.5734270941855318
22.25 0.5655028246281865
22.35 0.5572599599320051
22.450000000000003 0.5513028192298611
22.55 0.5485670549753875
22.650000000000002 0.54522320669083
22.75 0.536533240966972
22.85 0.5286424668553042
22.950000000000003 0.5242084763132265
23.05 0.5220954252842092
23.150000000000002 0.5102048442507631
23.25 0.5097839782529942
23.35 0.5032962542762481
23.450000000000003 0.49950854071304457
23.55 0.4944248667396802
23.650000000000002 0.49100126185889476
23.75 0.4829745168618203
23.85 0.47982984605372875
23.950000000000003 0.4794761440301138
24.05 0.47361495848314245
24.150000000000002 0.4693018855812869
24.25 0.4630239424320858
24.35 0.463322316729577
24.450000000000003 0.4551426908038447
24.55 0.454169643208459
24.650000000000002 0.4527556536082491
24.75 0.44890520259476885
24.85 0.4478898519895658
24.950000000000003 0.4473448572585282
25.05 0.4462840288636455

