0.05 0.0
0.15000000000000002 0.0
0.25 0.0
0.35000000000000003 0.0
0.45 0.0
0.55 0.0
0.65 0.0
0.75 0.0
0.8500000000000001 0.0
0.9500000000000001 0.0
1.05 0.0
1.1500000000000001 0.0
1.25 0.0
1.35 0.0
1.4500000000000002 0.0
1.55 0.0
1.6500000000000001 0.0
1.75 0.0
1.85 0.0
1.9500000000000002 0.0
2.0500000000000003 0.0
2.15 0.0
2.25 0.0
2.35 0.0
2.45 0.0
2.5500000000000003 0.0
2.6500000000000004 0.0
2.75 0.0
2.85 0.0
2.95 0.0
3.0500000000000003 0.0004398360937177839
3.1500000000000004 0.0008200141933853594
3.25 0.027411621704714385
3.35 0.1079538647831591
3.45 0.34515567120295587
3.5500000000000003 0.842621559298876
3.6500000000000004 1.5714806616654524
3.75 2.437489228157555
3.85 3.177748946657384
3.95 3.6805990222845626
4.05 4.024938681773896
4.15 4.152043392501643
4.25 4.368521138439828
4.3500000000000005 4.548681709633738
4.45 4.746023236407247
4.55 4.846069771570582
4.65 5.091253226632946
4.75 5.19090850127845
4.8500000000000005 5.28387580232842
4.95 5.31153495877855
5.050000000000001 5.308110294654244
5.15 5.169247342207623
5.25 4.971737200660861
5.3500000000000005 4.776213758744697
5.45 4.67426463951855
5.550000000000001 4.528337453571365
5.65 4.4729036898276275
5.75 4.471441987228196
5.8500000000000005 4.453273524288895
5.95 4.589731422992617
6.050000000000001 4.465350669868322
6.15 4.444184672233258
6.25 4.409081459512953
6.3500000000000005 4.361024097806681
6.45 4.325018693306906
6.550000000000001 4.262992772934644
6.65 4.214642702381313
6.75 4.090104839899473
6.8500000000000005 4.097486148015224
6.95 4.052576472177962
7.050000000000001 3.9883135830599636
7.15 3.8844276077511335
7.25 3.823621847790398
7.3500000000000005 3.7848683896338873
7.45 3.7121722138102733
7.550000000000001 3.6249529709792077
7.65 3.5839395489220967
7.75 3.5781471046925653
7.8500000000000005 3.577600737994692
7.95 3.603039243959553
8.05 3.625177236029355
8.15 3.6614681056624523
8.25 3.6982489732139427
8.35 3.7164727093674768
8.450000000000001 3.686806558434289
8.55 3.6616391741383696
8.65 3.6449497061501686
8.75 3.554045040911793
8.85 3.4609097620389995
8.950000000000001 3.4301032643065152
9.05 3.379398204753541
9.15 3.363659398553596
9.25 3.383434069277664
9.35 3.3896743917156886
9.450000000000001 3.4143670247924134
9.55 3.439415348744775
9.65 3.4346935324580796
9.75 3.4405030923556117
9.850000000000001 3.43414762684325
9.950000000000001 3.430079328067518
10.05 3.4314768076232767
10.15 3.455288615676523
10.25 3.496137556896253
10.350000000000001 3.567846625279074
10.450000000000001 3.6455941410524124
10.55 3.7364260562867284
10.65 3.831606714057954
10.75 3.9083936979755327
10.850000000000001 3.988978632166342
10.950000000000001 4.034246804978522
11.05 4.167398063307334
11.15 4.211461354604449
11.25 4.2142852987764545
11.350000000000001 4.1980104570942105
11.450000000000001 4.1215915522124575
11.55 4.006766086312936
11.65 3.906293565764806
11.75 3.819765692086408
11.850000000000001 3.682278017288024
11.950000000000001 3.560270967479695
12.05 3.4313905059960215
12.15 3.2828798989748167
12.25 3.13533344238061
12.350000000000001 3.0203173781255668
12.450000000000001 2.880135380339996
12.55 2.7991123181783935
12.65 2.710166712583869
12.75 2.6384088378926647
12.850000000000001 2.56679704232315
12.950000000000001 2.5038043003417028
13.05 2.431311920308173
13.15 2.3690327359922327
13.25 2.2761205330666052
13.350000000000001 2.195669232356661
13.450000000000001 2.117118920351705
13.55 2.043070015867853
13.65 1.9707912375012286
13.75 1.9232765378187355
13.850000000000001 1.8719002296947602
13.950000000000001 1.84180858511342
14.05 1.8253495836001212
14.15 1.8041221197096597
14.25 1.7997525944805841
14.350000000000001 1.7715146832725317
14.450000000000001 1.7494071169715162
14.55 1.7183594104996212
14.65 1.701879947923254
14.75 1.6614082166410475
14.850000000000001 1.6249260945702941
14.950000000000001 1.5865351698304004
15.05 1.539859702740644
15.15 1.4915945103293318
15.25 1.4466615238899885
15.350000000000001 1.415399002127199
15.450000000000001 1.3876398388804685
15.55 1.343858365837497
15.65 1.334388383286729
15.75 1.2972308909547237
15.850000000000001 1.2832386389352735
15.950000000000001 1.2854671225430596
16.05 1.2661432966713086
16.150000000000002 1.25865091273295
16.25 1.2537889275735665
16.35 1.2394919509561892
16.45 1.2291843672578207
16.55 1.2114331936489517
16.650000000000002 1.1883055969550136
16.75 1.1669158256642407
16.85 1.1353823401965097
16.95 1.1116940073275705
17.05 1.0872848592338604
17.150000000000002 1.06023315944695
17.25 1.0397379025153974
17.35 1.0148590237648112
17.45 1.0055875628008184
17.55 0.984340565745666
17.650000000000002 0.9769632530645811
17.75 0.9712617582632966
17.85 0.9528672958069239
17.95 0.9437551992454837
18.05 0.9351666970188962
18.150000000000002 0.9196316189275457
18.25 0.9118624083397739
18.35 0.899644319551546
18.45 0.8877714431530712
18.55 0.8806749049109956
18.650000000000002 0.8688212375681514
18.75 0.8574666614184875
18.85 0.8413032158751043
18.95 0.8334458066371954
19.05 0.8164050996109078
19.150000000000002 0.8045696930315072
19.25 0.7813371040881422
19.35 0.7669567514010848
19.450000000000003 0.7549925979758401
19.55 0.7447297530567153
19.650000000000002 0.7317322026293156
19.75 0.7309207783100219
19.85 0.7200594669831116
19.950000000000003 0.7168423298420071
20.05 0.7114705430016165
20.150000000000002 0.702838536138606
20.25 0.6900105175101703
20.35 0.6846693051258966
20.450000000000003 0.6763580197178357
20.55 0.6606904464539294
20.650000000000002 0.6557750679493997
20.75 0.65018389249523
20.85 0.6435438623049317
20.950000000000003 0.6333512931215308
21.05 0.6282651455484396
21.150000000000002 0.6220465807936753
21.25 0.6134034212158923
21.35 0.6020892933253789
21.450000000000003 0.5939355039801625
21.55 0.5846776588531147
21.650000000000002 0.5772926812923174
21.75 0.5670936427381338
21.85 0.563277521987343
21.950000000000003 0.5590726441764913
22.05 0.5570802379705089
22.150000000000002 0.5493549849090408
22.25 0.5473287393481464
22.35 0.540260117108625
22.450000000000003 0.5352492208174341
22.55 0.5299324860826982
22.650000000000002 0.5273268117455728
22.75 0.5221228691885083
22.85 0.5161010878480637
22.950000000000003 0.5100140574398982
23.05 0.5055183292968354
23.150000000000002 0.4983572960605745
23.25 0.4977112923694426
23.35 0.49437372260624773
23.450000000000003 0.4844174796155611
23.55 0.4860395929772789
23.650000000000002 0.479263248521564
23.75 0.4790511007056054
23.85 0.47554908904897897
23.950000000000003 0.466258881218765
24.05 0.46509483486638653
24.150000000000002 0.4645605116786556
24.25 0.4581017121061312
24.35 0.4598339684338745
24.450000000000003 0.45494667110443937
24.55 0.4500774418168162
24.650000000000002 0.4466354951123854
24.75 0.44649930260628523
24.85 0.4478189625537834
24.950000000000003 0.4471033462343673
25.05 0.4417142175116191

