0.05 0.0
0.15000000000000002 0.0
0.25 0.0
0.35000000000000003 0.0
0.45 0.0
0.55 0.0
0.65 0.0
0.75 0.0
0.8500000000000001 0.0
0.9500000000000001 0.0
1.05 0.0
1.1500000000000001 0.0
1.25 0.0
1.35 0.0
1.4500000000000002 0.0
1.55 0.0
1.6500000000000001 0.0
1.75 0.0
1.85 0.0
1.9500000000000002 0.0
2.0500000000000003 0.0
2.15 0.0
2.25 0.0
2.35 0.0
2.45 0.0
2.5500000000000003 0.0
2.6500000000000004 0.0
2.75 0.0
2.85 0.0
2.95 0.0
3.0500000000000003 0.0
3.1500000000000004 0.006996285317801583
3.25 0.030139792555177965
3.35 0.15446090273531304
3.45 0.4455051004825993
3.5500000000000003 1.042998747959805
3.6500000000000004 2.0294234774052717
3.75 3.007093292805874
3.85 3.812140856879264
3.95 4.364948085220477
4.05 4.526446596087862
4.15 4.678495072343719
4.25 4.694453759781424
4.3500000000000005 4.821206976732567
4.45 4.824058545097434
4.55 4.933161238124879
4.65 5.012800823348725
4.75 5.125705002133809
4.8500000000000005 5.19461398145416
4.95 5.269773455158181
5.050000000000001 5.193906813144215
5.15 5.14401051239164
5.25 5.069785162349949
5.3500000000000005 4.887590597756026
5.45 4.787480114994247
5.550000000000001 4.688748793320831
5.65 4.6380176088359155
5.75 4.571406091644765
5.8500000000000005 4.533270980855286
5.95 4.478203229386762
6.050000000000001 4.515946460905066
6.15 4.438697736396256
6.25 4.388785897211466
6.3500000000000005 4.310914341869485
6.45 4.265529282699155
6.550000000000001 4.181446915136442
6.65 4.103276715001905
6.75 4.127955147316994
6.8500000000000005 4.059144557175195
6.95 4.085994628249566
7.050000000000001 4.026780550088093
7.15 3.990773629836319
7.25 3.9463687856143688
7.3500000000000005 3.8633247706203697
7.45 3.7583856022932296
7.550000000000001 3.702484785630817
7.65 3.623718325700874
7.75 3.6157369543851927
7.8500000000000005 3.5993244532161315
7.95 3.607867001329732
8.05 3.6322529376354855
8.15 3.6613731687424633
8.25 3.674019161867218
8.35 3.7215224416383714
8.450000000000001 3.6781528818409672
8.55 3.648427999752651
8.65 3.5784697966980863
8.75 3.539114466773422
8.85 3.503759733323841
8.950000000000001 3.4519353755066975
9.05 3.4650140556433455
9.15 3.449936364464927
9.25 3.491300865818086
9.35 3.5062077225529387
9.450000000000001 3.5127844347979678
9.55 3.4955928739294984
9.65 3.4964276212926553
9.75 3.4527199263516866
9.850000000000001 3.455879363465826
9.950000000000001 3.430627504971827
10.05 3.425547176423702
10.15 3.4466541290002426
10.25 3.5085063892049946
10.350000000000001 3.572977764623592
10.450000000000001 3.696489168238945
10.55 3.7487020891877942
10.65 3.872600347881899
10.75 3.985836112981711
10.850000000000001 4.092478243384407
10.950000000000001 4.232394143810239
11.05 4.349563650709781
11.15 4.3795022347378945
11.25 4.357746884428614
11.350000000000001 4.26413457787339
11.450000000000001 4.152385550096398
11.55 3.9856317834026482
11.65 3.837611209919375
11.75 3.7204355992458287
11.850000000000001 3.5791303057280923
11.950000000000001 3.4228337836834357
12.05 3.302121166996579
12.15 3.1512700865986005
12.25 3.030494750280037
12.350000000000001 2.9005350381990103
12.450000000000001 2.797838728228714
12.55 2.7203685829887907
12.65 2.6416767280279743
12.75 2.6039082945162892
12.850000000000001 2.5488679116183337
12.950000000000001 2.48985383023955
13.05 2.42733981710393
13.15 2.380831301754092
13.25 2.3049963186737292
13.350000000000001 2.2282565803254157
13.450000000000001 2.1523366893887914
13.55 2.0574808432755747
13.65 1.977928743707058
13.75 1.906121949708981
13.850000000000001 1.850276521502891
13.950000000000001 1.8045963693337217
14.05 1.7596768829392708
14.15 1.7393240354383512
14.25 1.7296303290575108
14.350000000000001 1.7024145339657173
14.450000000000001 1.6926843722434175
14.55 1.6753553223156443
14.65 1.6636123677375256
14.75 1.6418496291210956
14.850000000000001 1.6198249161986709
14.950000000000001 1.5945286956039892
15.05 1.5638663629965874
15.15 1.506564796613792
15.25 1.473760219055803
15.350000000000001 1.4418896982643137
15.450000000000001 1.3972263546671702
15.55 1.3552403348292643
15.65 1.3235799707246527
15.75 1.2791629637370812
15.850000000000001 1.2504273297093749
15.950000000000001 1.2417602675042427
16.05 1.2210759159473101
16.150000000000002 1.21717365366073
16.25 1.2057942007419131
16.35 1.191947368995214
16.45 1.1752128106637758
16.55 1.1666310294468738
16.650000000000002 1.1687137599824948
16.75 1.154577009028385
16.85 1.1256196722267557
16.95 1.1059775893472643
17.05 1.0823765284857159
17.150000000000002 1.0588561721463803
17.25 1.0356141587714576
17.35 1.0258960791966614
17.45 1.003985660846636
17.55 0.9818536861740033
17.650000000000002 0.9634354569490434
17.75 0.9424653056575182
17.85 0.9291093399460452
17.95 0.9155444216794139
18.05 0.9013744585716893
18.150000000000002 0.8910923625412723
18.25 0.8736813478902997
18.35 0.8615512609863679
18.45 0.8605033270140874
18.55 0.8537901918362834
18.650000000000002 0.852252932950283
18.75 0.8405014410863413
18.85 0.8276961697320596
18.95 0.8153717323499992
19.05 0.8016671295649177
19.150000000000002 0.7855923725379919
19.25 0.7723238343281417
19.35 0.7638713131767463
19.450000000000003 0.7521873796796528
19.55 0.7376237052600454
19.650000000000002 0.7274834157317649
19.75 0.7146232736100945
19.85 0.7074041065564869
19.950000000000003 0.7024513086780036
20.05 0.6938260553780504
20.150000000000002 0.6757859461412429
20.25 0.6724114873606453
20.35 0.6625438636671769
20.450000000000003 0.656573722775591
20.55 0.6498409458079324
20.650000000000002 0.639424872990894
20.75 0.6401160388328214
20.85 0.635887843089527
20.950000000000003 0.623804164167116
21.05 0.6175353974494435
21.150000000000002 0.6136782913791151
21.25 0.6045233132746105
21.35 0.5962947077976181
21.450000000000003 0.5883354841522326
21.55 0.5802391558236115
21.650000000000002 0.5755882269482513
21.75 0.5710770905217557
21.85 0.5614496630105512
21.950000000000003 0.5566927014892815
22.05 0.5499055466015451
22.150000000000002 0.5454434395811644
22.25 0.5362228803199022
22.35 0.5341341188262619
22.450000000000003 0.5307055777994862
22.55 0.5267541195583978
22.650000000000002 0.5203126723967461
22.75 0.5211759680360913
22.85 0.5130886210661212
22.950000000000003 0.5132171056026712
23.05 0.5038936281621155
23.150000000000002 0.5001276618826033
23.25 0.4969379276355069
23.35 0.4964544280550644
23.450000000000003 0.49077415287541687
23.55 0.4880866937154817
23.650000000000002 0.48697182583113985
23.75 0.48241582535177635
23.85 0.47789536231874663
23.950000000000003 0.47410057420386603
24.05 0.4744029087699139
24.150000000000002 0.4709990303271175
24.25 0.46298097550172285
24.35 0.4620505395349765
24.450000000000003 0.4563735093218733
24.55 0.4553965645572736
24.650000000000002 0.4549399729471611
24.75 0.4558737802719131
24.85 0.45410053376631904
24.950000000000003 0.45541332183687583
25.05 0.45445077414803914

