0.05 0.0
0.15000000000000002 0.0
0.25 0.0
0.35000000000000003 0.0
0.45 0.0
0.55 0.0
0.65 0.0
0.75 0.0
0.8500000000000001 0.0
0.9500000000000001 0.0
1.05 0.0
1.1500000000000001 0.0
1.25 0.0
1.35 0.0
1.4500000000000002 0.0
1.55 0.0
1.6500000000000001 0.0
1.75 0.0
1.85 0.0
1.9500000000000002 0.0
2.0500000000000003 0.0
2.15 0.0
2.25 0.0
2.35 0.0
2.45 0.0
2.5500000000000003 0.0
2.6500000000000004 0.0
2.75 0.0
2.85 0.0
2.95 0.0
3.0500000000000003 0.0004378255162276696
3.1500000000000004 0.0053411033284429575
3.25 0.030872013962280766
3.35 0.12068138918695293
3.45 0.3578126336356372
3.5500000000000003 0.8794750277539243
3.6500000000000004 1.6459116507327303
3.75 2.4584237173723693
3.85 3.106172474676804
3.95 3.620273632430242
4.05 3.920148406829903
4.15 4.133050528955566
4.25 4.285961624178691
4.3500000000000005 4.4947108695121525
4.45 4.685554685442194
4.55 4.818326516660703
4.65 4.8962260896079455
4.75 5.073904006132366
4.8500000000000005 5.168750167023088
4.95 5.231251452582777
5.050000000000001 5.231395791359103
5.15 5.029435129298817
5.25 4.872939149604342
5.3500000000000005 4.739662356010585
5.45 4.549433677899445
5.550000000000001 4.489292785885366
5.65 4.491312167259535
5.75 4.432915927359278
5.8500000000000005 4.452470570591805
5.95 4.487799855324303
6.050000000000001 4.429331926270979
6.15 4.415545326836532
6.25 4.388590041730835
6.3500000000000005 4.3417677027979025
6.45 4.2514239999275105
6.550000000000001 4.213838673047036
6.65 4.1644459211303895
6.75 4.130135454178624
6.8500000000000005 4.07795736443467
6.95 4.0223383840056615
7.050000000000001 3.9582661717386904
7.15 3.890242088523275
7.25 3.785825649757784
7.3500000000000005 3.747904892375302
7.45 3.664519200997723
7.550000000000001 3.6188935084068783
7.65 3.6028959188642493
7.75 3.5624995771479258
7.8500000000000005 3.6090029532802106
7.95 3.5982790797726745
8.05 3.61020919013004
8.15 3.6279117242086687
8.25 3.6898959209042137
8.35 3.6996171650288527
8.450000000000001 3.6462700178774443
8.55 3.6588533621166834
8.65 3.5858955968128954
8.75 3.5269958304054607
8.85 3.4669133465650996
8.950000000000001 3.4264985681910085
9.05 3.384450840558171
9.15 3.3598439146705465
9.25 3.3726474930491204
9.35 3.3895565463760087
9.450000000000001 3.4006253063221896
9.55 3.407445746198143
9.65 3.4111692135474785
9.75 3.4241690015154793
9.850000000000001 3.416303311820808
9.950000000000001 3.4107206461417925
10.05 3.4407997692452224
10.15 3.4360075773619085
10.25 3.4865542481146923
10.350000000000001 3.5549150602717057
10.450000000000001 3.61638641758221
10.55 3.7106127627471253
10.65 3.7963997673043677
10.75 3.8762486952825133
10.850000000000001 3.950639504956957
10.950000000000001 4.057562692090875
11.05 4.119909784333406
11.15 4.158704997435655
11.25 4.207841502884383
11.350000000000001 4.137436590426207
11.450000000000001 4.076063827127
11.55 3.983984369292991
11.65 3.862420821096453
11.75 3.7751502458675303
11.850000000000001 3.6467356367964436
11.950000000000001 3.5218766128210546
12.05 3.3897954205139595
12.15 3.2624379890573523
12.25 3.1176713558921416
12.350000000000001 3.012837633416548
12.450000000000001 2.865445425076522
12.55 2.7777718017220456
12.65 2.701644311545057
12.75 2.62557842612362
12.850000000000001 2.5595389427236266
12.950000000000001 2.508322939783686
13.05 2.4436674250166948
13.15 2.3540216554461013
13.25 2.2637564528732605
13.350000000000001 2.180283206671905
13.450000000000001 2.114579470678525
13.55 2.045183353459671
13.65 1.9603383290326966
13.75 1.9169333606907135
13.850000000000001 1.8740224248208155
13.950000000000001 1.8478410139883032
14.05 1.803424641381824
14.15 1.795059109838535
14.25 1.7648368302262964
14.350000000000001 1.7595728561053587
14.450000000000001 1.7255813803900095
14.55 1.7080872754985663
14.65 1.6710109407236082
14.75 1.63560367675576
14.850000000000001 1.6156444186317924
14.950000000000001 1.5552103191714335
15.05 1.5179270244863725
15.15 1.4765895227378245
15.25 1.4302456561473014
15.350000000000001 1.3859541454236721
15.450000000000001 1.3535463490805761
15.55 1.3304729373717918
15.65 1.301930372620704
15.75 1.2834725554832702
15.850000000000001 1.2602350848719066
15.950000000000001 1.2518878769475763
16.05 1.231093741065745
16.150000000000002 1.2346889714886933
16.25 1.2146293721308392
16.35 1.2024090246742705
16.45 1.1880799667306268
16.55 1.1694018224429785
16.650000000000002 1.1651553492902622
16.75 1.1287082423917147
16.85 1.1066719733393897
16.95 1.0800282821178355
17.05 1.0536397885670612
17.150000000000002 1.0338463231035553
17.25 1.002092109321521
17.35 0.9853249084247481
17.45 0.9732155085742848
17.55 0.9560402109285782
17.650000000000002 0.9445342009176891
17.75 0.9341269554768036
17.85 0.9203227147004116
17.95 0.911919882477079
18.05 0.8983720167478104
18.150000000000002 0.8878622034126452
18.25 0.8757217180505686
18.35 0.8652371791322131
18.45 0.8583933348163162
18.55 0.84913526789304
18.650000000000002 0.8358287696540501
18.75 0.8306128789848044
18.85 0.8086269621695199
18.95 0.8026758704108753
19.05 0.7915186994965607
19.150000000000002 0.7692652722859138
19.25 0.7623718538799072
19.35 0.7435660542386797
19.450000000000003 0.7302518262040868
19.55 0.7198572567557964
19.650000000000002 0.7118409427211024
19.75 0.702775609191328
19.85 0.696779722212413
19.950000000000003 0.6934028043944911
20.05 0.6856354223180579
20.150000000000002 0.6799241864620753
20.25 0.6745094653633439
20.35 0.6632668427635154
20.450000000000003 0.6564683692684757
20.55 0.646114927091046
20.650000000000002 0.641001999361979
20.75 0.6365539143010382
20.85 0.6257262270256516
20.950000000000003 0.6229178077955057
21.05 0.6130334669948727
21.150000000000002 0.6101383687496666
21.25 0.6030094432817609
21.35 0.5940281494596892
21.450000000000003 0.5861976024273609
21.55 0.5808279486796767
21.650000000000002 0.5737910099338035
21.75 0.5634029197710722
21.85 0.5569888149937857
21.950000000000003 0.5531411169045729
22.05 0.552389585299375
22.150000000000002 0.5477450584924707
22.25 0.5423576399048776
22.35 0.5398918481542414
22.450000000000003 0.5374709056493833
22.55 0.5289994882229595
22.650000000000002 0.532431232434117
22.75 0.5249632673795922
22.85 0.5219803213137761
22.950000000000003 0.5150475703389935
23.05 0.5106504610656394
23.150000000000002 0.5087569096856686
23.25 0.5044923873238374
23.35 0.5016115414477078
23.450000000000003 0.4991982516507532
23.55 0.49565038790530747
23.650000000000002 0.4910881039650558
23.75 0.48939249673088864
23.85 0.489309210177401
23.950000000000003 0.4831088852917923
24.05 0.482568262104708
24.150000000000002 0.47647744385894736
24.25 0.47488953709902865
24.35 0.47410139940128754
24.450000000000003 0.46835728985495184
24.55 0.4730330899584704
24.650000000000002 0.4662667998525835
24.75 0.46968390714747715
24.85 0.4666939047185082
24.950000000000003 0.46538320141971407
25.05 0.46476119846443736

