0.05 0.0
0.15000000000000002 0.0
0.25 0.0
0.35000000000000003 0.0
0.45 0.0
0.55 0.0
0.65 0.0
0.75 0.0
0.8500000000000001 0.0
0.9500000000000001 0.0
1.05 0.0
1.1500000000000001 0.0
1.25 0.0
1.35 0.0
1.4500000000000002 0.0
1.55 0.0
1.6500000000000001 0.0
1.75 0.0
1.85 0.0
1.9500000000000002 0.0
2.0500000000000003 0.0
2.15 0.0
2.25 0.0
2.35 0.0
2.45 0.0
2.5500000000000003 0.0
2.6500000000000004 0.0
2.75 0.0
2.85 0.0
2.95 0.0
3.0500000000000003 0.002631019912400754
3.1500000000000004 0.01848610655497464
3.25 0.08803301894908744
3.35 0.2969401514427985
3.45 0.6926876187339923
3.5500000000000003 1.2458856249692876
3.6500000000000004 1.9282561375606704
3.75 2.606613689453869
3.85 3.1110765097398256
3.95 3.5283489392553866
4.05 3.7498426726067553
4.15 3.906644328147459
4.25 3.9974604335392687
4.3500000000000005 4.079245373885685
4.45 4.203210448417681
4.55 4.230960927559656
4.65 4.360824910298125
4.75 4.345000045672814
4.8500000000000005 4.469812135097065
4.95 4.499099633269433
5.050000000000001 4.511726521647844
5.15 4.513858048852816
5.25 4.500471239439469
5.3500000000000005 4.42568710528776
5.45 4.456026435407488
5.550000000000001 4.417837244079621
5.65 4.394758135347626
5.75 4.343568930903919
5.8500000000000005 4.333118092634042
5.95 4.262942904659787
6.050000000000001 4.2752062969492535
6.15 4.217435791006619
6.25 4.2034600667850945
6.3500000000000005 4.1496646090776625
6.45 4.0787853484367975
6.550000000000001 4.038454414597422
6.65 4.011423780927503
6.75 3.9513768800441
6.8500000000000005 3.946938222115419
6.95 3.9267289594529955
7.050000000000001 3.888576046478778
7.15 3.833582385957987
7.25 3.827880268571821
7.3500000000000005 3.71864023942672
7.45 3.6813876624707684
7.550000000000001 3.6541539215314227
7.65 3.6381602396462354
7.75 3.588387282409423
7.8500000000000005 3.574195626414892
7.95 3.5929206352513967
8.05 3.5711097690507136
8.15 3.5845807085984456
8.25 3.5588509860569086
8.35 3.543110791911883
8.450000000000001 3.5233803504686625
8.55 3.5091447832824962
8.65 3.4656726412757903
8.75 3.416304219335714
8.85 3.423544454848321
8.950000000000001 3.3926289072050344
9.05 3.4022990545346437
9.15 3.3850600724413393
9.25 3.4137653638652505
9.35 3.405607787878945
9.450000000000001 3.413122078687304
9.55 3.39354783378005
9.65 3.3784519462861997
9.75 3.36274666595013
9.850000000000001 3.338606285370973
9.950000000000001 3.369145862916225
10.05 3.3691813860305047
10.15 3.402030383410246
10.25 3.411144908322973
10.350000000000001 3.4768870070501787
10.450000000000001 3.5417540974648594
10.55 3.6102782527427912
10.65 3.6842893979229654
10.75 3.8083868809455255
10.850000000000001 3.916968990057281
10.950000000000001 4.0040753812707806
11.05 4.049379837205286
11.15 4.075903527811102
11.25 4.073662667251575
11.350000000000001 3.9943611273037187
11.450000000000001 3.9000671989770557
11.55 3.807059783054417
11.65 3.704731421351975
11.75 3.587213604633069
11.850000000000001 3.4697571908990863
11.950000000000001 3.3532923100387833
12.05 3.242086238643291
12.15 3.150611327249859
12.25 3.070412502076606
12.350000000000001 2.967715919431077
12.450000000000001 2.90177992032357
12.55 2.8200077706817153
12.65 2.768146347075377
12.75 2.700577987582482
12.850000000000001 2.650507111338795
12.950000000000001 2.5740812836437077
13.05 2.5190574850917145
13.15 2.4455954693666877
13.25 2.3881135489879286
13.350000000000001 2.3147581614161643
13.450000000000001 2.2350820805769938
13.55 2.1680035352423768
13.65 2.0992979038054496
13.75 2.0346213381663985
13.850000000000001 1.985363667538761
13.950000000000001 1.93266680765387
14.05 1.8818528499876057
14.15 1.8558655937536697
14.25 1.8329207033884314
14.350000000000001 1.7868942343001513
14.450000000000001 1.77456299327627
14.55 1.73675672846266
14.65 1.71410224716182
14.75 1.6877461631715256
14.850000000000001 1.6622920268503365
14.950000000000001 1.627914744632058
15.05 1.6010262280371121
15.15 1.568094516520941
15.25 1.5307767757138147
15.350000000000001 1.4935662278195887
15.450000000000001 1.459864545640893
15.55 1.4258065549234102
15.65 1.3963773988316965
15.75 1.3627765553748619
15.850000000000001 1.3351822993801536
15.950000000000001 1.3141976182172688
16.05 1.2978492555910905
16.150000000000002 1.2720864178982392
16.25 1.2617638732238559
16.35 1.2465348628162662
16.45 1.237870060565439
16.55 1.222507499376712
16.650000000000002 1.203262404394864
16.75 1.1770544918876038
16.85 1.1807715693349292
16.95 1.1553175402420794
17.05 1.1403565662608035
17.150000000000002 1.116444059847057
17.25 1.0962353410290155
17.35 1.0768000081941576
17.45 1.0668348030093269
17.55 1.0438260143545397
17.650000000000002 1.0276437470606026
17.75 1.0151825353916022
17.85 0.993820017248605
17.95 0.9820129337297493
18.05 0.9621218080060667
18.150000000000002 0.9532690219572657
18.25 0.938775234165985
18.35 0.9332923589724795
18.45 0.9194576634325392
18.55 0.9135385314479338
18.650000000000002 0.9079299116018956
18.75 0.8937077665099246
18.85 0.894274016885246
18.95 0.875518386200654
19.05 0.8598493148705437
19.150000000000002 0.85132544750881
19.25 0.8409348238992669
19.35 0.8279854480909041
19.450000000000003 0.8180203668488836
19.55 0.804831073593296
19.650000000000002 0.7994093856088561
19.75 0.7861725054322399
19.85 0.778537978798445
19.950000000000003 0.7666889814323627
20.05 0.7532749278018339
20.150000000000002 0.7468950463414731
20.25 0.7429630854694401
20.35 0.7265125721011507
20.450000000000003 0.7253871655715507
20.55 0.7177205945986559
20.650000000000002 0.7074586443588304
20.75 0.70337771488886
20.85 0.6975425373531752
20.950000000000003 0.6901789678750057
21.05 0.6811636744475642
21.150000000000002 0.6761488696015319
21.25 0.6648867941055827
21.35 0.6607029865535234
21.450000000000003 0.6525940478569917
21.55 0.6462056831549731
21.650000000000002 0.642661859132742
21.75 0.6298202281817894
21.85 0.622377794967576
21.950000000000003 0.6158000628822716
22.05 0.610569418688676
22.150000000000002 0.6028921158815114
22.25 0.5975842843947644
22.35 0.5906106707049924
22.450000000000003 0.5877918226925462
22.55 0.5812192311669233
22.650000000000002 0.5745193477761446
22.75 0.5715987417266977
22.85 0.5679087820006644
22.950000000000003 0.5602232900427812
23.05 0.5539512280160951
23.150000000000002 0.5495812793028588
23.25 0.5439055100826468
23.35 0.5395763677733276
23.450000000000003 0.5343331190947861
23.55 0.5360086452769313
23.650000000000002 0.5261677777211465
23.75 0.523280614793844
23.85 0.5153105203967124
23.950000000000003 0.5145340915637358
24.05 0.5079726743724343
24.150000000000002 0.503660972800316
24.25 0.49737975266064893
24.35 0.49469995812782624
24.450000000000003 0.4905024853729798
24.55 0.48629182645640223
24.650000000000002 0.4808812042054496
24.75 0.4782906187564739
24.85 0.4776864593372374
24.950000000000003 0.474148503938222
25.05 0.4728328799068107

