0.05 0.0
0.15000000000000002 0.0
0.25 0.0
0.35000000000000003 0.0
0.45 0.0
0.55 0.0
0.65 0.0
0.75 0.0
0.8500000000000001 0.0
0.9500000000000001 0.0
1.05 0.0
1.1500000000000001 0.0
1.25 0.0
1.35 0.0
1.4500000000000002 0.0
1.55 0.0
1.6500000000000001 0.0
1.75 0.0
1.85 0.0
1.9500000000000002 0.0
2.0500000000000003 0.0
2.15 0.0
2.25 0.0
2.35 0.0
2.45 0.0
2.5500000000000003 0.0
2.6500000000000004 0.0
2.75 0.0
2.85 0.0
2.95 0.0
3.0500000000000003 0.0004385130588310914
3.1500000000000004 0.002054153314255357
3.25 0.024715407162221325
3.35 0.0784997386134422
3.45 0.2693451265425111
3.5500000000000003 0.6516126928191319
3.6500000000000004 1.2292010544478502
3.75 1.8111588339844784
3.85 2.349209011231928
3.95 2.727713537926031
4.05 2.9358843585282846
4.15 3.113246804658277
4.25 3.3281751347436903
4.3500000000000005 3.5288592951810624
4.45 3.6562296738872204
4.55 3.8768021515700712
4.65 4.035278742919207
4.75 4.210629495612193
4.8500000000000005 4.352382643001663
4.95 4.453144141847609
5.050000000000001 4.4543007849241105
5.15 4.347489866831194
5.25 4.277285477289196
5.3500000000000005 4.216509719908543
5.45 4.119170701532694
5.550000000000001 4.103519408690321
5.65 4.096622134334861
5.75 4.107176758230753
5.8500000000000005 4.14214861043756
5.95 4.08935706858012
6.050000000000001 4.157941093017022
6.15 4.139312537483816
6.25 4.089531497551206
6.3500000000000005 4.076474856434219
6.45 4.055138062801927
6.550000000000001 4.011618276024914
6.65 3.974090990335078
6.75 3.9386021726227756
6.8500000000000005 3.9040443282203565
6.95 3.87194656043377
7.050000000000001 3.813945955245366
7.15 3.717728543935208
7.25 3.6600028718691897
7.3500000000000005 3.5838699937115597
7.45 3.5711304534949377
7.550000000000001 3.5132535376027176
7.65 3.5006256559795665
7.75 3.4735006265545496
7.8500000000000005 3.473276356842331
7.95 3.491272894585881
8.05 3.5089050652987175
8.15 3.528360088201998
8.25 3.5031965133416842
8.35 3.5317012060166575
8.450000000000001 3.5130313853920168
8.55 3.4697981962263302
8.65 3.4332258742092905
8.75 3.3763293658577167
8.85 3.3710505274797904
8.950000000000001 3.3127520595099877
9.05 3.279431239245009
9.15 3.2607450444334045
9.25 3.2506418421808894
9.35 3.2373646669603926
9.450000000000001 3.2447833272359423
9.55 3.2609628662742876
9.65 3.2654665118300454
9.75 3.263998217287834
9.850000000000001 3.2441131237252105
9.950000000000001 3.256716783891266
10.05 3.276780389498599
10.15 3.272368773338155
10.25 3.3218939324066867
10.350000000000001 3.3861881967746656
10.450000000000001 3.4166979397911437
10.55 3.471408350374344
10.65 3.512679712985432
10.75 3.585169800382125
10.850000000000001 3.6396116301024644
10.950000000000001 3.751226220514585
11.05 3.7793443929837776
11.15 3.830802030378968
11.25 3.8403977936073335
11.350000000000001 3.8510793225588213
11.450000000000001 3.7762746920956802
11.55 3.7302215458723307
11.65 3.638418910030865
11.75 3.594656497162214
11.850000000000001 3.511848029987169
11.950000000000001 3.4137397300569163
12.05 3.3266319949229066
12.15 3.221358605954899
12.25 3.1293241809139665
12.350000000000001 3.028670084540652
12.450000000000001 2.93354715337113
12.55 2.850456116566404
12.65 2.7743147972755624
12.75 2.696288359590218
12.850000000000001 2.639026421636827
12.950000000000001 2.576635148643574
13.05 2.5035847059782337
13.15 2.4408642550794455
13.25 2.3453079323259063
13.350000000000001 2.261796116588186
13.450000000000001 2.1858116038214654
13.55 2.1065703569405514
13.65 2.0513214181056556
13.75 1.9832806117219046
13.850000000000001 1.9413708734039181
13.950000000000001 1.9009468598840262
14.05 1.871359726579704
14.15 1.840554786024232
14.25 1.805513536905733
14.350000000000001 1.7818797688293608
14.450000000000001 1.7598361550957922
14.55 1.725912803264598
14.65 1.6876224015499535
14.75 1.6437150423990472
14.850000000000001 1.6119308259320353
14.950000000000001 1.5627504516508508
15.05 1.5168525522815286
15.15 1.4698440587751291
15.25 1.4511537485022203
15.350000000000001 1.4018017370346039
15.450000000000001 1.3588191181092952
15.55 1.3256830029041697
15.65 1.30663946412403
15.75 1.277202596438866
15.850000000000001 1.2680105948493052
15.950000000000001 1.2494696556530744
16.05 1.2272368031966128
16.150000000000002 1.215155708913656
16.25 1.200399395469647
16.35 1.1816189659496228
16.45 1.1698357619691082
16.55 1.1545084245757944
16.650000000000002 1.1328952056348522
16.75 1.1131158860258161
16.85 1.0856039909582602
16.95 1.0617137496332474
17.05 1.0327475475345433
17.150000000000002 1.0232993734858926
17.25 0.9953397507120632
17.35 0.981418869468183
17.45 0.955356860232554
17.55 0.9420162773607829
17.650000000000002 0.932606160632621
17.75 0.9173297732235186
17.85 0.9076419803217759
17.95 0.8977519236208613
18.05 0.8852946346486106
18.150000000000002 0.880978597082715
18.25 0.8684374379430162
18.35 0.8550549399081788
18.45 0.8422751337750334
18.55 0.8383924992303388
18.650000000000002 0.8204680390473291
18.75 0.8205897684684552
18.85 0.8046855067102161
18.95 0.7895682388001924
19.05 0.7848679573678915
19.150000000000002 0.7732295807558791
19.25 0.7586807911158845
19.35 0.7499020742222675
19.450000000000003 0.7315277382671282
19.55 0.7240522625786455
19.650000000000002 0.7151204871014483
19.75 0.7049334751011799
19.85 0.6998083996051787
19.950000000000003 0.6957604920194285
20.05 0.687582129223431
20.150000000000002 0.6878026256542222
20.25 0.6721317660377832
20.35 0.6741502037848728
20.450000000000003 0.6643537816773393
20.55 0.660183609385665
20.650000000000002 0.6527253457598401
20.75 0.6419612221108583
20.85 0.6359812900388339
20.950000000000003 0.6332668994351911
21.05 0.6301341726668234
21.150000000000002 0.6245512906157342
21.25 0.6175892073661976
21.35 0.6115397209659905
21.450000000000003 0.6043556686066108
21.55 0.5993821206764157
21.650000000000002 0.593088835483133
21.75 0.587110096497874
21.85 0.5787085376064515
21.950000000000003 0.5769547187605684
22.05 0.5704957079524307
22.150000000000002 0.5683278653368719
22.25 0.5700952494276393
22.35 0.5645967213108659
22.450000000000003 0.5612221432851957
22.55 0.5581287629014161
22.650000000000002 0.5561769926546908
22.75 0.5534643518900016
22.85 0.5465769145909201
22.950000000000003 0.5466487123697383
23.05 0.5417743740680908
23.150000000000002 0.5398227759570743
23.25 0.5360418467625785
23.35 0.5348249656038403
23.450000000000003 0.5303910717487822
23.55 0.5260396305428467
23.650000000000002 0.5261137613199444
23.75 0.5234355824778556
23.85 0.5209667976776081
23.950000000000003 0.5178647605824855
24.05 0.519187422702413
24.150000000000002 0.5177846584925967
24.25 0.5144837337547802
24.35 0.5109792483943482
24.450000000000003 0.5088565530557403
24.55 0.5085824386330967
24.650000000000002 0.5083080442036955
24.75 0.5087244745988004
24.85 0.5088024752704811
24.950000000000003 0.5076398208882106
25.05 0.5087916698697441

