0.05 0.0
0.15000000000000002 0.0
0.25 0.0
0.35000000000000003 0.0
0.45 0.0
0.55 0.0
0.65 0.0
0.75 0.0
0.8500000000000001 0.0
0.9500000000000001 0.0
1.05 0.0
1.1500000000000001 0.0
1.25 0.0
1.35 0.0
1.4500000000000002 0.0
1.55 0.0
1.6500000000000001 0.0
1.75 0.0
1.85 0.0
1.9500000000000002 0.0
2.0500000000000003 0.0
2.15 0.0
2.25 0.0
2.35 0.0
2.45 0.0
2.5500000000000003 0.0
2.6500000000000004 0.0
2.75 0.0
2.85 0.0
2.95 0.0
3.0500000000000003 0.004955493569749859
3.1500000000000004 0.02793375448613139
3.25 0.26688636117178927
3.35 0.7286264599242311
3.45 1.513692974854645
3.5500000000000003 2.7276155748668405
3.6500000000000004 3.7725550597766757
3.75 4.86594432493641
3.85 5.9183821709822215
3.95 6.56707993269696
4.05 7.038936173842021
4.15 7.959024001739685
4.25 7.997801363272808
4.3500000000000005 8.091331797643731
4.45 8.61068375154373
4.55 9.270216121854684
4.65 9.260162725658049
4.75 9.92505633201295
4.8500000000000005 10.032568743587996
4.95 10.775051121096567
5.050000000000001 10.924359914041963
5.15 10.984953040216448
5.25 11.143267858710091
5.3500000000000005 11.378387497445356
5.45 11.140004703621639
5.550000000000001 11.158584776025316
5.65 11.548798404833192
5.75 11.127521374002201
5.8500000000000005 11.144604390974779
5.95 11.299268943997413
6.050000000000001 11.143983359248594
6.15 11.141642425325916
6.25 11.08591314238707
6.3500000000000005 11.072991822074568
6.45 10.99256176943982
6.550000000000001 10.924984768470805
6.65 10.934141237189381
6.75 10.78626454704334
6.8500000000000005 10.878990678041358
6.95 10.872523559038235
7.050000000000001 10.871956322951982
7.15 10.732410559666475
7.25 10.68566186461634
7.3500000000000005 10.417747676373791
7.45 10.470588858757365
7.550000000000001 10.39802820296671
7.65 10.431391261031184
7.75 10.196778161721964
7.8500000000000005 10.33953923820672
7.95 10.198815199295101
8.05 10.179965491814992
8.15 10.096095834923137
8.25 10.097538303266537
8.35 9.973820710171465
8.450000000000001 10.063234464906587
8.55 9.995906326674538
8.65 9.852527258839494
8.75 9.741735992337574
8.85 9.736159707238782
8.950000000000001 9.802980774453724
9.05 9.586362733819536
9.15 9.662799437387452
9.25 9.625180465829493
9.35 9.599479558249005
9.450000000000001 9.52202015058956
9.55 9.588791782777854
9.65 9.539701141651179
9.75 9.524725097170176
9.850000000000001 9.540092881815108
9.950000000000001 9.504893730638765
10.05 9.526317341838721
10.15 9.69036110319849
10.25 9.617628679771197
10.350000000000001 9.708067416475169
10.450000000000001 9.757916559969248
10.55 9.918725980514521
10.65 10.148673500829796
10.75 10.31980837581517
10.850000000000001 10.645705330614948
10.950000000000001 10.680612488563206
11.05 10.800312587977904
11.15 10.729199318223706
11.25 10.865928309432922
11.350000000000001 10.678634105695778
11.450000000000001 10.544097518617473
11.55 10.448311462800953
11.65 10.30812275857247
11.75 10.173685737250901
11.850000000000001 9.945445498301583
11.950000000000001 9.810392140734288
12.05 9.731405948354128
12.15 9.485664402275384
12.25 9.355032750211
12.350000000000001 9.105088271559982
12.450000000000001 9.091012891825747
12.55 8.787923765959462
12.65 8.633361206222732
12.75 8.398167251364228
12.850000000000001 8.172178216048591
12.950000000000001 7.94037545354956
13.05 7.774091219996517
13.15 7.543829620883797
13.25 7.367954560955446
13.350000000000001 7.194995807087123
13.450000000000001 6.994631895787583
13.55 6.855810383890846
13.65 6.653238606994349
13.75 6.53915099537387
13.850000000000001 6.375888930909962
13.950000000000001 6.243699522775586
14.05 6.116554557069184
14.15 6.021759323226484
14.25 5.9343685259750405
14.350000000000001 5.803905774568919
14.450000000000001 5.732339351018179
14.55 5.57330182828528
14.65 5.470076844797245
14.75 5.287713478771223
14.850000000000001 5.294474914555685
14.950000000000001 5.07392723231719
15.05 5.071995286656717
15.15 4.817768598468556
15.25 4.758506092607865
15.350000000000001 4.6988053502197635
15.450000000000001 4.528550696063487
15.55 4.438009409487759
15.65 4.429545355461369
15.75 4.316046851293859
15.850000000000001 4.223308453243237
15.950000000000001 4.0835635340166485
16.05 4.114706075855225
16.150000000000002 3.9653856094231363
16.25 3.9832297436719317
16.35 3.8431984312772425
16.45 3.809693380399371
16.55 3.714520109775376
16.650000000000002 3.6749428477708714
16.75 3.652882748572521
16.85 3.5558328040160165
16.95 3.4790498348700623
17.05 3.439963835016973
17.150000000000002 3.3815609091714363
17.25 3.318855670080556
17.35 3.261319921833838
17.45 3.1700189219330306
17.55 3.1585903031522515
17.650000000000002 3.078774605495898
17.75 3.0781455502948725
17.85 3.01771908385435
17.95 2.9913370286210768
18.05 2.946084919843452
18.150000000000002 2.8935801476346863
18.25 2.8061435743103185
18.35 2.777366300285324
18.45 2.757471659112818
18.55 2.7087285987335474
18.650000000000002 2.706359532034451
18.75 2.674173380769233
18.85 2.6113700859135087
18.95 2.58737928601745
19.05 2.543033461963943
19.150000000000002 2.4896373915105556
19.25 2.458528438936684
19.35 2.42062326337064
19.450000000000003 2.394217452015447
19.55 2.3563102309337225
19.650000000000002 2.34171206433162
19.75 2.2927208830372834
19.85 2.2718690137661817
19.950000000000003 2.237296447662687
20.05 2.2079836788904603
20.150000000000002 2.1756913748995186
20.25 2.1660232912309536
20.35 2.1201916471212696
20.450000000000003 2.1071460681008904
20.55 2.0657024605096757
20.650000000000002 2.057601598041556
20.75 2.0221094650202005
20.85 2.0070685048910564
20.950000000000003 1.9808637147259547
21.05 1.9411484683388078
21.150000000000002 1.9120746882028423
21.25 1.886143527992325
21.35 1.8742946122698576
21.450000000000003 1.8573434030549072
21.55 1.8295847453799021
21.650000000000002 1.8095421900045119
21.75 1.783694322994766
21.85 1.7563776017075599
21.950000000000003 1.7294461789073987
22.05 1.7198961195704046
22.150000000000002 1.6899774989145675
22.25 1.6763134514021445
22.35 1.6638946834577621
22.450000000000003 1.6385495752518444
22.55 1.6260920283884375
22.650000000000002 1.6108689480476264
22.75 1.5789329921267525
22.85 1.5705976304666365
22.950000000000003 1.5390366119783954
23.05 1.527527110788517
23.150000000000002 1.5105924433449434
23.25 1.47911779938136
23.35 1.471449362940705
23.450000000000003 1.4679349812334377
23.55 1.4508097316587052
23.650000000000002 1.4352663666695424
23.75 1.407407591811207
23.85 1.382085927840544
23.950000000000003 1.3900118119432037
24.05 1.351738173378816
24.150000000000002 1.341694875813362
24.25 1.3358235755235648
24.35 1.3179968054319398
24.450000000000003 1.3095538622194691
24.55 1.280497116982745
24.650000000000002 1.2835984095578117
24.75 1.2485825185574637
24.85 1.2499325945163102
24.950000000000003 1.2339300414780494
25.05 1.2342746113099117

