0.05 0.0
0.15000000000000002 0.0
0.25 0.0
0.35000000000000003 0.0
0.45 0.0
0.55 0.0
0.65 0.0
0.75 0.0
0.8500000000000001 0.0
0.9500000000000001 0.0
1.05 0.0
1.1500000000000001 0.0
1.25 0.0
1.35 0.0
1.4500000000000002 0.0
1.55 0.0
1.6500000000000001 0.0
1.75 0.0
1.85 0.0
1.9500000000000002 0.0
2.0500000000000003 0.0
2.15 0.0
2.25 0.0
2.35 0.0
2.45 0.0
2.5500000000000003 0.0
2.6500000000000004 0.0
2.75 0.0
2.85 0.0
2.95 0.0
3.0500000000000003 0.0
3.1500000000000004 0.023269459069035887
3.25 0.10506505799740695
3.35 0.6504895326309587
3.45 1.4169951104667262
3.5500000000000003 2.742153795493991
3.6500000000000004 4.931118220619602
3.75 7.043795591879594
3.85 8.462293186985
3.95 9.74792351573377
4.05 10.191011108469178
4.15 11.070905506265847
4.25 11.307890488012578
4.3500000000000005 11.917167485285189
4.45 12.701525918190764
4.55 13.117979587752808
4.65 13.482190679369332
4.75 13.926168180191656
4.8500000000000005 14.183655719492148
4.95 14.441301195977998
5.050000000000001 14.353414908710443
5.15 14.228041900215864
5.25 14.12051297037871
5.3500000000000005 13.797622022358487
5.45 13.591532565445739
5.550000000000001 13.251559579747894
5.65 13.215566443891735
5.75 13.074614133209776
5.8500000000000005 12.893048459238925
5.95 12.740790134672903
6.050000000000001 12.346064403556195
6.15 12.464719655157715
6.25 12.519586602052106
6.3500000000000005 12.289916840641125
6.45 12.07907021267673
6.550000000000001 12.098218814026046
6.65 12.055403705094424
6.75 11.787883013944633
6.8500000000000005 11.918579018038157
6.95 11.586005040714683
7.050000000000001 11.608623631667513
7.15 11.363916449783515
7.25 11.33797750916028
7.3500000000000005 11.031231089188582
7.45 11.075364997497845
7.550000000000001 10.751583846111316
7.65 10.76241005855106
7.75 10.864430745734348
7.8500000000000005 10.431139754285145
7.95 10.641537883505302
8.05 10.646025569111313
8.15 10.570112787685984
8.25 10.478186902579955
8.35 10.675204867930834
8.450000000000001 10.49051694243285
8.55 10.443522109916662
8.65 10.33186047078633
8.75 10.366652607975562
8.85 10.188614073722686
8.950000000000001 10.212558038142568
9.05 10.27888109612129
9.15 10.204391010267422
9.25 10.160792243067824
9.35 10.235985410322535
9.450000000000001 9.95468247572824
9.55 10.101840249063795
9.65 10.134235849358863
9.75 10.105760291570116
9.850000000000001 10.195156135976948
9.950000000000001 10.02299395156585
10.05 10.040081073157804
10.15 10.131411263670124
10.25 10.376078498198778
10.350000000000001 10.43775562530852
10.450000000000001 10.645014176907615
10.55 10.795444721395025
10.65 10.964457672598984
10.75 11.372232637193596
10.850000000000001 11.460101502563349
10.950000000000001 11.903902770528212
11.05 12.049664347315632
11.15 12.307539584910833
11.25 12.228730980245741
11.350000000000001 12.017266351753408
11.450000000000001 11.812335420730893
11.55 11.568677049190143
11.65 11.195828439153793
11.75 11.17899561462255
11.850000000000001 10.810824567791313
11.950000000000001 10.460461502025296
12.05 10.04683255566258
12.15 9.83000885546901
12.25 9.469979207598719
12.350000000000001 9.053903195799858
12.450000000000001 8.881682988272075
12.55 8.496642588542487
12.65 8.278258792294325
12.75 8.067968950214246
12.850000000000001 7.7668658091244955
12.950000000000001 7.600149539054919
13.05 7.300887683595518
13.15 7.198533135442441
13.25 6.971298112613564
13.350000000000001 6.7770503256373065
13.450000000000001 6.611752638129577
13.55 6.420713474331528
13.65 6.2351285838513855
13.75 6.001789724312876
13.850000000000001 5.897277447064932
13.950000000000001 5.786513653604129
14.05 5.6420718887592365
14.15 5.508417880190851
14.25 5.499415102117509
14.350000000000001 5.372699941569612
14.450000000000001 5.3143430858642
14.55 5.269306181999402
14.65 5.179467780040057
14.75 5.106780535572186
14.850000000000001 4.933054761461862
14.950000000000001 4.863041322141067
15.05 4.778814384918197
15.15 4.622407712881897
15.25 4.606806112048999
15.350000000000001 4.451618229122645
15.450000000000001 4.381167236415284
15.55 4.314916318948036
15.65 4.198835527317731
15.75 4.075130513322221
15.850000000000001 4.072438274504202
15.950000000000001 4.032791091207858
16.05 3.9486716751905595
16.150000000000002 3.906598791449549
16.25 3.828641369773967
16.35 3.7549952707569663
16.45 3.7726845083053466
16.55 3.652975301455176
16.650000000000002 3.6408449845821886
16.75 3.601565391406654
16.85 3.4752452293999054
16.95 3.4690707699438432
17.05 3.4340916775186594
17.150000000000002 3.330442620476817
17.25 3.263817442252749
17.35 3.2385516316555143
17.45 3.176898114460024
17.55 3.092840891875276
17.650000000000002 3.03059782297152
17.75 3.0092390519480747
17.85 2.957042235528507
17.95 2.9270174089121195
18.05 2.8912003560686252
18.150000000000002 2.847509946211569
18.25 2.839063790141823
18.35 2.783057534640321
18.45 2.713540200894057
18.55 2.702173781257688
18.650000000000002 2.6945585735591533
18.75 2.648614943318824
18.85 2.6055486309027804
18.95 2.5570116410802153
19.05 2.515676733096663
19.150000000000002 2.4947445200835894
19.25 2.4688086484790386
19.35 2.4236045791899388
19.450000000000003 2.3623914700120707
19.55 2.3421066702558018
19.650000000000002 2.3151788275789844
19.75 2.2724968140080253
19.85 2.24938064997605
19.950000000000003 2.2102743500508204
20.05 2.192876273952192
20.150000000000002 2.171268236073745
20.25 2.13057393351766
20.35 2.102527229492469
20.450000000000003 2.084499200030834
20.55 2.0707277053762554
20.650000000000002 2.0101933671235273
20.75 2.02455657614456
20.85 1.9992152004547694
20.950000000000003 1.9657907959578136
21.05 1.9327729176180815
21.150000000000002 1.9084281228373106
21.25 1.8744448044308033
21.35 1.865441309547918
21.450000000000003 1.8202458351200064
21.55 1.8028136505176118
21.650000000000002 1.7698735168924173
21.75 1.7549400170054623
21.85 1.7541376192084102
21.950000000000003 1.7298412233107467
22.05 1.7043546938557614
22.150000000000002 1.6460236873287284
22.25 1.6538806220532423
22.35 1.642545943157396
22.450000000000003 1.617498244011576
22.55 1.588232751586194
22.650000000000002 1.5800018256204613
22.75 1.5420120861271027
22.85 1.5526323559773425
22.950000000000003 1.5227708072872332
23.05 1.5229973992594001
23.150000000000002 1.4678388459964113
23.25 1.4854568545422036
23.35 1.4395694540989148
23.450000000000003 1.4384260031773033
23.55 1.4048008202020899
23.650000000000002 1.3950299723638844
23.75 1.3682828135803673
23.85 1.3735027003951472
23.950000000000003 1.3521463442971726
24.05 1.3159919269062714
24.150000000000002 1.3251861104119622
24.25 1.2986014560379093
24.35 1.3036354049447647
24.450000000000003 1.253040509542234
24.55 1.255226518559344
24.650000000000002 1.2601176085052994
24.75 1.2275353664084405
24.85 1.2113320573081643
24.950000000000003 1.2122394440534017
25.05 1.1840953478928475

