0.05 0.0
0.15000000000000002 0.0
0.25 0.0
0.35000000000000003 0.0
0.45 0.0
0.55 0.0
0.65 0.0
0.75 0.0
0.8500000000000001 0.0
0.9500000000000001 0.0
1.05 0.0
1.1500000000000001 0.0
1.25 0.0
1.35 0.0
1.4500000000000002 0.0
1.55 0.0
1.6500000000000001 0.0
1.75 0.0
1.85 0.0
1.9500000000000002 0.0
2.0500000000000003 0.0
2.15 0.0
2.25 0.0
2.35 0.0
2.45 0.0
2.5500000000000003 0.0
2.6500000000000004 0.0
2.75 0.0
2.85 0.0
2.95 0.0
3.0500000000000003 0.019849927585708263
3.1500000000000004 0.027887586906746774
3.25 0.29303362676452144
3.35 1.2104133059063542
3.45 2.2589905766277627
3.5500000000000003 4.340483831953834
3.6500000000000004 6.148347216811313
3.75 7.612127757837226
3.85 8.930138077170968
3.95 10.151461272272833
4.05 10.86920447191873
4.15 11.277041164237126
4.25 11.563326291053027
4.3500000000000005 12.195376988430903
4.45 11.733239599118093
4.55 12.40642890000103
4.65 12.588586104249654
4.75 12.561056925819862
4.8500000000000005 12.524835233968656
4.95 12.994850637857574
5.050000000000001 12.924399528158833
5.15 12.921739763186395
5.25 12.992354248352191
5.3500000000000005 12.764895002572768
5.45 12.672230047474116
5.550000000000001 12.608345249058088
5.65 12.700218356670867
5.75 12.424097609515785
5.8500000000000005 12.490552249775833
5.95 12.200608383874416
6.050000000000001 12.25037309767815
6.15 12.229798614337561
6.25 12.0003618387143
6.3500000000000005 11.620695457235135
6.45 11.742843169574064
6.550000000000001 11.339985504923554
6.65 11.361142945405675
6.75 11.476270331332259
6.8500000000000005 11.412090991547807
6.95 11.13509765216294
7.050000000000001 11.198819346379645
7.15 11.011967070183173
7.25 10.800642283056527
7.3500000000000005 10.879320921621522
7.45 10.604112929426178
7.550000000000001 10.59275100924143
7.65 10.655517977280356
7.75 10.573881048603504
7.8500000000000005 10.627213918750863
7.95 10.440542017648093
8.05 10.469928240014703
8.15 10.545441227920112
8.25 10.34986814023923
8.35 10.374156419666335
8.450000000000001 9.909699931799716
8.55 10.18399611104856
8.65 10.11254242410608
8.75 10.066056445067733
8.85 10.052922446106674
8.950000000000001 10.099404235820034
9.05 9.972675402282135
9.15 10.18362895195463
9.25 10.059283648825792
9.35 9.961956241617345
9.450000000000001 10.02040403512927
9.55 10.035946824751308
9.65 9.891705925103157
9.75 10.029081308842553
9.850000000000001 10.011061650656037
9.950000000000001 10.117061400776485
10.05 10.033985269784122
10.15 10.208566828273307
10.25 10.084257691044833
10.350000000000001 10.337111160107527
10.450000000000001 10.549573557464818
10.55 10.638984779946455
10.65 11.035552488307868
10.75 11.161293025029812
10.850000000000001 11.527735169377578
10.950000000000001 11.811933108040026
11.05 11.987117880114996
11.15 11.954808137921047
11.25 11.929921860316698
11.350000000000001 11.744532947045277
11.450000000000001 11.485170060871608
11.55 11.193719076863193
11.65 10.781443581744282
11.75 10.49321317375367
11.850000000000001 10.137467255048266
11.950000000000001 9.844553938895771
12.05 9.593971399730172
12.15 9.332741521863433
12.25 9.049081183948559
12.350000000000001 8.830516091136513
12.450000000000001 8.58398306616223
12.55 8.349593495651352
12.65 8.181234306181024
12.75 8.02779896261682
12.850000000000001 7.7610642363822056
12.950000000000001 7.576771399472737
13.05 7.441334127833043
13.15 7.218695838234069
13.25 7.040588070319396
13.350000000000001 6.906428775283392
13.450000000000001 6.593610916084963
13.55 6.481082440209433
13.65 6.327071472788793
13.75 6.1583738149707905
13.850000000000001 6.02924695413943
13.950000000000001 5.854980486906964
14.05 5.794993146374128
14.15 5.717130034553423
14.25 5.54160062882047
14.350000000000001 5.452491537426777
14.450000000000001 5.348635080979587
14.55 5.342988806482545
14.65 5.205625785517242
14.75 5.10838885902504
14.850000000000001 5.044226406586838
14.950000000000001 4.904331591260973
15.05 4.855322563510647
15.15 4.765763077524296
15.25 4.722611165781025
15.350000000000001 4.579569220945383
15.450000000000001 4.492416120371432
15.55 4.400799730220723
15.65 4.258442207480939
15.75 4.251566342996748
15.850000000000001 4.1813577454500415
15.950000000000001 4.127874058075811
16.05 4.060529362834714
16.150000000000002 3.9537342363532226
16.25 3.9226476936131958
16.35 3.867649819803254
16.45 3.789109188029825
16.55 3.7354175669614467
16.650000000000002 3.662445829368073
16.75 3.613229141779431
16.85 3.5678476164637924
16.95 3.5422935166685146
17.05 3.468578795060125
17.150000000000002 3.4093246141827924
17.25 3.338181521085876
17.35 3.2940121978021573
17.45 3.222378519685934
17.55 3.1797592227107487
17.650000000000002 3.109450933700438
17.75 3.0907793074444965
17.85 3.0169882185361505
17.95 2.975816014733168
18.05 2.9251147714372
18.150000000000002 2.927990766486009
18.25 2.8520714534396685
18.35 2.8360632550587894
18.45 2.72357498636008
18.55 2.7316760199549144
18.650000000000002 2.689769262382021
18.75 2.6812433746068165
18.85 2.5937515461678204
18.95 2.594361263472061
19.05 2.579639536469983
19.150000000000002 2.496234727938688
19.25 2.479823651046252
19.35 2.4460566994320043
19.450000000000003 2.429661687052954
19.55 2.3909518053494123
19.650000000000002 2.324489447678242
19.75 2.3010933636475777
19.85 2.2587985966315762
19.950000000000003 2.2703522221386385
20.05 2.2111116879808637
20.150000000000002 2.176060081694567
20.25 2.1520233932349284
20.35 2.1296893675231643
20.450000000000003 2.1099337258967257
20.55 2.068692565768551
20.650000000000002 2.046280875985748
20.75 2.01716510334363
20.85 1.995535480482236
20.950000000000003 1.969987022842774
21.05 1.920883247938359
21.150000000000002 1.9085133816382898
21.25 1.8965991708057788
21.35 1.8789779332638037
21.450000000000003 1.8548546123425655
21.55 1.8001346716255777
21.650000000000002 1.811782333169145
21.75 1.7797095322284835
21.85 1.7650028846296508
21.950000000000003 1.7227135050364468
22.05 1.6966748063040338
22.150000000000002 1.683405961672027
22.25 1.6678261524870337
22.35 1.640288966290695
22.450000000000003 1.6232900882022574
22.55 1.6181069581379102
22.650000000000002 1.5902619605720034
22.75 1.5542475171277386
22.85 1.564968986134919
22.950000000000003 1.5139520555179307
23.05 1.5258798062476024
23.150000000000002 1.4814548664769633
23.25 1.4822268916679024
23.35 1.444388438957146
23.450000000000003 1.4414134764817745
23.55 1.433432438728648
23.650000000000002 1.4170908637952104
23.75 1.402722595934522
23.85 1.3602523740628931
23.950000000000003 1.3627732607844334
24.05 1.356125106795221
24.150000000000002 1.3228987249551214
24.25 1.3156854246170573
24.35 1.2986936826591027
24.450000000000003 1.28630289231397
24.55 1.2717348101584667
24.650000000000002 1.2452178010465582
24.75 1.2531150424613606
24.85 1.233467849960481
24.950000000000003 1.21060009317629
25.05 1.2113229021234073

