0.05 0.0
0.15000000000000002 0.0
0.25 0.0
0.35000000000000003 0.0
0.45 0.0
0.55 0.0
0.65 0.0
0.75 0.0
0.8500000000000001 0.0
0.9500000000000001 0.0
1.05 0.0
1.1500000000000001 0.0
1.25 0.0
1.35 0.0
1.4500000000000002 0.0
1.55 0.0
1.6500000000000001 0.0
1.75 0.0
1.85 0.0
1.9500000000000002 0.0
2.0500000000000003 0.0
2.15 0.0
2.25 0.0
2.35 0.0
2.45 0.0
2.5500000000000003 0.0
2.6500000000000004 0.0
2.75 0.0
2.85 0.0
2.95 0.0
3.0500000000000003 0.0
3.1500000000000004 0.023257818774390263
3.25 0.08314122969669953
3.35 0.3665190625228959
3.45 0.7956260821519981
3.5500000000000003 1.5838022144625838
3.6500000000000004 2.6564922161474844
3.75 3.863831651357552
3.85 4.90237446452175
3.95 5.717815378838163
4.05 6.917762364726302
4.15 7.401437251482669
4.25 8.187723802944305
4.3500000000000005 8.403990856829587
4.45 9.035917223865942
4.55 9.803337359281034
4.65 10.354370330340137
4.75 11.190859543833099
4.8500000000000005 12.095644263146905
4.95 12.621543969376855
5.050000000000001 12.947699382847345
5.15 13.1868927176038
5.25 13.45647226490737
5.3500000000000005 12.911422509294646
5.45 13.074287232486807
5.550000000000001 13.090929779360778
5.65 12.918952848203919
5.75 12.790453914441317
5.8500000000000005 12.788898967579927
5.95 12.207747049323993
6.050000000000001 12.110180173726036
6.15 12.057561269749783
6.25 12.035731778068303
6.3500000000000005 11.949587065660408
6.45 11.72986279834031
6.550000000000001 11.341745081694873
6.65 11.454801866269278
6.75 11.683641249883012
6.8500000000000005 11.462655316697306
6.95 11.526679832806272
7.050000000000001 11.38468124905163
7.15 11.18775606012612
7.25 11.259239436666977
7.3500000000000005 11.072467367774777
7.45 10.974713285982766
7.550000000000001 10.547302496411149
7.65 10.651750797158664
7.75 10.685233148108939
7.8500000000000005 10.502320090330688
7.95 10.556461687683141
8.05 10.183309863123158
8.15 10.272770332376638
8.25 10.259023175694923
8.35 10.077492561564007
8.450000000000001 10.14787691993066
8.55 10.126245359206159
8.65 9.967117007640482
8.75 10.021835164044207
8.85 9.907995642764636
8.950000000000001 9.84041400461031
9.05 10.029150041341328
9.15 10.076716064497408
9.25 9.829778835434714
9.35 9.88690021738766
9.450000000000001 9.88947901053306
9.55 9.715067197527723
9.65 9.797458181680685
9.75 9.707950142156484
9.850000000000001 9.65146351019884
9.950000000000001 9.674610377820077
10.05 9.626839623045273
10.15 9.727249094833752
10.25 9.723299582375782
10.350000000000001 9.946235747721708
10.450000000000001 10.034955718882427
10.55 10.089936024523512
10.65 10.269715091931955
10.75 10.254631362066718
10.850000000000001 10.670853386246856
10.950000000000001 10.865063633053705
11.05 10.998790767705472
11.15 11.16177852621421
11.25 11.197631695019643
11.350000000000001 11.341516070172352
11.450000000000001 11.16974109054321
11.55 11.19284242862045
11.65 10.980970012795234
11.75 10.912274376540893
11.850000000000001 10.800019316465992
11.950000000000001 10.587483158473006
12.05 10.489828677572946
12.15 10.322089132095865
12.25 10.096407549928403
12.350000000000001 9.891967384400871
12.450000000000001 9.380840033064336
12.55 9.274900636127283
12.65 8.931285269789134
12.75 8.531307291576049
12.850000000000001 8.231653486333812
12.950000000000001 7.981873283191568
13.05 7.736362016153436
13.15 7.510756651524974
13.25 7.206467192491297
13.350000000000001 7.136534729265853
13.450000000000001 6.836636242824189
13.55 6.675648262545023
13.65 6.487126234937693
13.75 6.377617688390915
13.850000000000001 6.227549839540934
13.950000000000001 5.966808572281366
14.05 5.9054260822163664
14.15 5.785924482474672
14.25 5.589985922804813
14.350000000000001 5.535765912810356
14.450000000000001 5.414214137590767
14.55 5.354135391836464
14.65 5.268073659140613
14.75 5.074858473975147
14.850000000000001 4.997541538797475
14.950000000000001 4.893531344235348
15.05 4.8076286926576195
15.15 4.7914715979322775
15.25 4.616458370339681
15.350000000000001 4.4975819407239745
15.450000000000001 4.441289625193681
15.55 4.342332719218372
15.65 4.265297618443844
15.75 4.179129345619372
15.850000000000001 4.094526763128775
15.950000000000001 4.05499570568305
16.05 3.9327757388365856
16.150000000000002 3.8576676330581714
16.25 3.782294466651184
16.35 3.7394148391784032
16.45 3.707300217020369
16.55 3.6267932614518616
16.650000000000002 3.5528593878343173
16.75 3.5363713575756632
16.85 3.464252028269239
16.95 3.4326255505582712
17.05 3.3341440041430244
17.150000000000002 3.273473323505445
17.25 3.258921780357106
17.35 3.1865090326433654
17.45 3.1252197122668512
17.55 3.1102257323732614
17.650000000000002 2.9849161594483227
17.75 2.9968607987334273
17.85 2.941646820354597
17.95 2.8945798555074194
18.05 2.8509305544031407
18.150000000000002 2.7940597476914695
18.25 2.744346509503039
18.35 2.724059314910692
18.45 2.6618825371999204
18.55 2.6419888266029954
18.650000000000002 2.6116487600893663
18.75 2.6201720383279534
18.85 2.564989530145088
18.95 2.4730894122827585
19.05 2.4732115878451935
19.150000000000002 2.4278760768932814
19.25 2.4254699056067697
19.35 2.3921821704580544
19.450000000000003 2.326802617339999
19.55 2.3011330353536903
19.650000000000002 2.2783276876348832
19.75 2.244513810868301
19.85 2.2062972887505223
19.950000000000003 2.185653481002884
20.05 2.1459403732425533
20.150000000000002 2.1373250322250756
20.25 2.088486112080431
20.35 2.061144741315251
20.450000000000003 2.032023832222266
20.55 2.0260243979453803
20.650000000000002 2.015987785200233
20.75 1.9903881928991665
20.85 1.924115879630767
20.950000000000003 1.918849289322767
21.05 1.9122220334290516
21.150000000000002 1.870917283764287
21.25 1.8500997583685341
21.35 1.8383238180846466
21.450000000000003 1.8024440592185096
21.55 1.7997481355294034
21.650000000000002 1.7724989606194212
21.75 1.7418884595487034
21.85 1.7297112985423961
21.950000000000003 1.7018707335488343
22.05 1.666097565450659
22.150000000000002 1.6538624801866368
22.25 1.636444854387867
22.35 1.6297671136749257
22.450000000000003 1.6111412041411792
22.55 1.5550905989417159
22.650000000000002 1.5606067374084136
22.75 1.5629689764552626
22.85 1.5514859278349868
22.950000000000003 1.515547987074324
23.05 1.4843841895376058
23.150000000000002 1.4783557223831079
23.25 1.4635149359050805
23.35 1.435313865722762
23.450000000000003 1.439824614004955
23.55 1.4092440796654864
23.650000000000002 1.3933508572429512
23.75 1.37095888410829
23.85 1.3724750641949965
23.950000000000003 1.3333197281618752
24.05 1.3459410888914662
24.150000000000002 1.3202881957341013
24.25 1.304459126978853
24.35 1.2847059358020843
24.450000000000003 1.2635917588169303
24.55 1.2584531024994872
24.650000000000002 1.2391269085955465
24.75 1.2381221169606704
24.85 1.2107732330626246
24.950000000000003 1.1973930289907375
25.05 1.202148715777435

