0.05 0.0
0.15000000000000002 0.0
0.25 0.0
0.35000000000000003 0.0
0.45 0.0
0.55 0.0
0.65 0.0
0.75 0.0
0.8500000000000001 0.0
0.9500000000000001 0.0
1.05 0.0
1.1500000000000001 0.0
1.25 0.0
1.35 0.0
1.4500000000000002 0.0
1.55 0.0
1.6500000000000001 0.0
1.75 0.0
1.85 0.0
1.9500000000000002 0.0
2.0500000000000003 0.0
2.15 0.0
2.25 0.0
2.35 0.0
2.45 0.0
2.5500000000000003 0.0
2.6500000000000004 0.0
2.75 0.0
2.85 0.0
2.95 0.0
3.0500000000000003 0.0
3.1500000000000004 0.01865132319868831
3.25 0.22300810317165412
3.35 0.5639977200621661
3.45 1.3778925643442141
3.5500000000000003 2.95186520083283
3.6500000000000004 4.498109030743781
3.75 6.258597502693045
3.85 7.755293531409412
3.95 8.978690162597273
4.05 9.652453709035788
4.15 9.979473027767584
4.25 10.098328281487591
4.3500000000000005 11.39526614404647
4.45 12.184018289411153
4.55 12.818526524843177
4.65 13.137200956522621
4.75 13.664830342139286
4.8500000000000005 13.964312653735117
4.95 14.379347474846682
5.050000000000001 13.97535747135101
5.15 13.587930064094685
5.25 13.761849995234133
5.3500000000000005 13.187842688118778
5.45 12.961512931835838
5.550000000000001 13.347562617216697
5.65 12.88597620111087
5.75 12.601944078553606
5.8500000000000005 12.537706616116383
5.95 12.798180373256159
6.050000000000001 12.451335976458278
6.15 12.335822885994753
6.25 12.35175551296802
6.3500000000000005 12.106488224830528
6.45 11.795699373132843
6.550000000000001 11.803134651615803
6.65 11.694336245095528
6.75 11.869850872812696
6.8500000000000005 11.369624463151474
6.95 11.176407280422376
7.050000000000001 11.328816963714672
7.15 11.077152766654173
7.25 11.098612129245414
7.3500000000000005 10.811057842981164
7.45 10.591834967892012
7.550000000000001 10.685874012262277
7.65 10.646463068391824
7.75 10.331543813425323
7.8500000000000005 10.64431007002248
7.95 10.679988774074268
8.05 10.608126107075703
8.15 10.501439397416242
8.25 10.66221358299292
8.35 10.54645858318664
8.450000000000001 10.448350291362274
8.55 10.247587566486938
8.65 10.256521288003041
8.75 10.109340797966992
8.85 10.013462065257354
8.950000000000001 10.144780573623214
9.05 10.104912064392762
9.15 10.110894312970885
9.25 10.15452225207163
9.35 9.944232789169444
9.450000000000001 10.038561097511147
9.55 9.961189257446593
9.65 10.076872245479766
9.75 9.871137986402108
9.850000000000001 9.978203967123344
9.950000000000001 9.954204608323113
10.05 10.006687718376375
10.15 10.152064847937197
10.25 10.250707964184889
10.350000000000001 10.381400114672177
10.450000000000001 10.488910087747016
10.55 10.768548249348886
10.65 10.951060100756411
10.75 10.980785448211508
10.850000000000001 11.256017481638114
10.950000000000001 11.616884793642752
11.05 11.707267327480782
11.15 12.010604316148772
11.25 11.850139401168997
11.350000000000001 11.821209721915663
11.450000000000001 11.537491954754376
11.55 11.424641247293456
11.65 11.270582102052066
11.75 11.069527607356372
11.850000000000001 10.830048010649978
11.950000000000001 10.558387240513209
12.05 10.262437016935284
12.15 9.892288355763212
12.25 9.498988276407308
12.350000000000001 9.208954701285021
12.450000000000001 8.806461092799355
12.55 8.604477954670095
12.65 8.21050684437889
12.75 8.04057056749959
12.850000000000001 7.825073258301094
12.950000000000001 7.568943476351167
13.05 7.3566102602020935
13.15 7.168389746858036
13.25 6.978600929976449
13.350000000000001 6.753913928354816
13.450000000000001 6.567307872724076
13.55 6.374292366858705
13.65 6.199800255784217
13.75 6.091935573062382
13.850000000000001 5.88060073124119
13.950000000000001 5.826809531074286
14.05 5.741138115353224
14.15 5.669580910717211
14.25 5.568316403598304
14.350000000000001 5.4950829690855505
14.450000000000001 5.396584918636521
14.55 5.3183312711934505
14.65 5.212704417333979
14.75 5.163662556506559
14.850000000000001 5.025810188350975
14.950000000000001 4.904286321941735
15.05 4.79039580890187
15.15 4.707422682979094
15.25 4.6166877838104865
15.350000000000001 4.526554223880137
15.450000000000001 4.4388178458291545
15.55 4.344995819163303
15.65 4.232893699729891
15.75 4.188243928337475
15.850000000000001 4.12450702323515
15.950000000000001 4.050807402985799
16.05 4.022088011532557
16.150000000000002 3.9888320685922594
16.25 3.940079021934061
16.35 3.8343705264602326
16.45 3.7910762071342616
16.55 3.7222524505346613
16.650000000000002 3.6627034104061016
16.75 3.5923538104214177
16.85 3.5881096234891445
16.95 3.469159760658601
17.05 3.418679339288482
17.150000000000002 3.320248312800662
17.25 3.282985384665227
17.35 3.2214777827410317
17.45 3.198680873347518
17.55 3.1508849181723795
17.650000000000002 3.0685573108110566
17.75 3.010725230314337
17.85 2.9656392926376043
17.95 2.929277874003331
18.05 2.9572510095433016
18.150000000000002 2.887073794248838
18.25 2.8649408439669988
18.35 2.788031425413846
18.45 2.784474722330622
18.55 2.7444257048932514
18.650000000000002 2.677833568619918
18.75 2.6773795378353014
18.85 2.623775729499035
18.95 2.575859002152284
19.05 2.537490463443369
19.150000000000002 2.497215521824476
19.25 2.454620504726039
19.35 2.424589799791976
19.450000000000003 2.4086206604323825
19.55 2.3606242757369507
19.650000000000002 2.2980234486962963
19.75 2.286431992286943
19.85 2.2644351291451126
19.950000000000003 2.235393038308028
20.05 2.2155923918320846
20.150000000000002 2.17622771047443
20.25 2.14433580564309
20.35 2.104665166065741
20.450000000000003 2.113653938117479
20.55 2.074222443431092
20.650000000000002 2.0439162443109087
20.75 2.028088442461355
20.85 1.992330491282947
20.950000000000003 1.9867589133118988
21.05 1.9111315978742913
21.150000000000002 1.9123374581213524
21.25 1.8887296778268285
21.35 1.8560202176388643
21.450000000000003 1.843609870805447
21.55 1.7987722023559851
21.650000000000002 1.805833396156165
21.75 1.7534316151550386
21.85 1.7382363538275436
21.950000000000003 1.7236239373420152
22.05 1.700130576338791
22.150000000000002 1.6841026925921367
22.25 1.6493845739583133
22.35 1.6411838783079602
22.450000000000003 1.6290719179010835
22.55 1.5936684976521514
22.650000000000002 1.5744432498978607
22.75 1.5689407108405777
22.85 1.54786046280257
22.950000000000003 1.5351653085485288
23.05 1.516379115195888
23.150000000000002 1.4847925319923836
23.25 1.4794611935479
23.35 1.451426804784928
23.450000000000003 1.4247750563446506
23.55 1.4154995480913277
23.650000000000002 1.414971868550401
23.75 1.3842177613277085
23.85 1.3649595751870036
23.950000000000003 1.352399924539914
24.05 1.3289538228715496
24.150000000000002 1.3413233810962377
24.25 1.2908754257231025
24.35 1.3066654319540254
24.450000000000003 1.27812612618784
24.55 1.2568240709248273
24.650000000000002 1.2449880911120468
24.75 1.244076393938881
24.85 1.224011437234804
24.950000000000003 1.2186365334256795
25.05 1.2140108416823885

