0.05 0.0
0.15000000000000002 0.0
0.25 0.0
0.35000000000000003 0.0
0.45 0.0
0.55 0.0
0.65 0.0
0.75 0.0
0.8500000000000001 0.0
0.9500000000000001 0.0
1.05 0.0
1.1500000000000001 0.0
1.25 0.0
1.35 0.0
1.4500000000000002 0.0
1.55 0.0
1.6500000000000001 0.0
1.75 0.0
1.85 0.0
1.9500000000000002 0.0
2.0500000000000003 0.0
2.15 0.0
2.25 0.0
2.35 0.0
2.45 0.0
2.5500000000000003 0.0
2.6500000000000004 0.0
2.75 0.0
2.85 0.0
2.95 0.0
3.0500000000000003 0.0
3.1500000000000004 0.0
3.25 0.0
3.35 0.004105257495447883
3.45 0.0271727476166877
3.5500000000000003 0.08798802766965759
3.6500000000000004 0.16654747155504632
3.75 0.37774833623924503
3.85 0.6513117287113999
3.95 0.9831641289582218
4.05 1.4026114168366342
4.15 1.8266300709900087
4.25 2.3912482179866075
4.3500000000000005 3.1813546441399825
4.45 4.113230567492682
4.55 5.328942868422773
4.65 6.245750247849611
4.75 7.259073954240638
4.8500000000000005 8.168500648315991
4.95 9.155102047445565
5.050000000000001 9.762353376553195
5.15 10.516366352613234
5.25 10.928995077252
5.3500000000000005 11.269352081810784
5.45 11.370102453427979
5.550000000000001 11.406450695805798
5.65 11.5800086755594
5.75 11.894588865193123
5.8500000000000005 11.47367017864908
5.95 11.4466728976957
6.050000000000001 11.612094691233674
6.15 11.592400179321116
6.25 11.351032094288641
6.3500000000000005 11.328499982129827
6.45 11.293097510012966
6.550000000000001 11.0931881942187
6.65 11.017173142656954
6.75 10.867441360090265
6.8500000000000005 10.965927852284013
6.95 10.853579405811049
7.050000000000001 10.445630245277416
7.15 10.304291388929645
7.25 10.289331280986262
7.3500000000000005 10.232975502667879
7.45 10.204970001783979
7.550000000000001 10.000773691001056
7.65 9.9515279370716
7.75 9.964065001329223
7.8500000000000005 9.790415036859235
7.95 9.732214583770054
8.05 9.77890045717063
8.15 9.89095306992843
8.25 9.756630372948493
8.35 9.849201109129687
8.450000000000001 9.656380719503398
8.55 9.537994757999977
8.65 9.583149080093342
8.75 9.506710677303412
8.85 9.345014916173513
8.950000000000001 9.345065915026492
9.05 9.249466969576675
9.15 9.261902742628378
9.25 9.151601841376507
9.35 9.08350060108718
9.450000000000001 9.07561386671561
9.55 9.063101949940245
9.65 9.112394968430706
9.75 8.906868072523523
9.850000000000001 9.120142313984818
9.950000000000001 8.973203308936132
10.05 9.088559612073018
10.15 9.020535907757091
10.25 9.05201893175715
10.350000000000001 9.156015800583457
10.450000000000001 9.164958996523536
10.55 9.082961435049496
10.65 9.190071612294416
10.75 9.250176557335632
10.850000000000001 9.326123002615923
10.950000000000001 9.238456965381761
11.05 9.327976123826712
11.15 9.51717225032735
11.25 9.552730123322712
11.350000000000001 9.676401994628852
11.450000000000001 9.902100962138404
11.55 10.047947350085758
11.65 10.30668406386698
11.75 10.437297813409442
11.850000000000001 10.44717391640014
11.950000000000001 10.639365961252475
12.05 10.795801461161322
12.15 10.616569935610254
12.25 10.647326409707844
12.350000000000001 10.565523760255669
12.450000000000001 10.19933602053654
12.55 9.893808810264686
12.65 9.648831151878907
12.75 9.445538798581572
12.850000000000001 9.06120378060297
12.950000000000001 8.793476609149428
13.05 8.438779807381335
13.15 8.172057976257127
13.25 7.8452570253135505
13.350000000000001 7.579021085587142
13.450000000000001 7.217943285853532
13.55 7.041630792769462
13.65 6.9337451856202055
13.75 6.738974033804689
13.850000000000001 6.3954840839215406
13.950000000000001 6.338040286037083
14.05 6.200345592114438
14.15 6.03423971215245
14.25 5.830390152259004
14.350000000000001 5.798596530218893
14.450000000000001 5.692668090510694
14.55 5.585531261726978
14.65 5.446822540101067
14.75 5.296496520761044
14.850000000000001 5.232445143354655
14.950000000000001 5.145379995762092
15.05 5.017458307209127
15.15 4.817641112712891
15.25 4.767974365398611
15.350000000000001 4.61919076603568
15.450000000000001 4.571699403467158
15.55 4.455330851326954
15.65 4.363862979273057
15.75 4.3033185826117375
15.850000000000001 4.235216311751068
15.950000000000001 4.20249036949899
16.05 4.086004318728904
16.150000000000002 3.9950564966011783
16.25 3.9925175075786705
16.35 3.8825937047997026
16.45 3.861645136134801
16.55 3.765293352731717
16.650000000000002 3.669241908154042
16.75 3.6206040919222913
16.85 3.528310698769242
16.95 3.525814916349538
17.05 3.4329636093336835
17.150000000000002 3.349313988023455
17.25 3.2832715987383003
17.35 3.263290595197365
17.45 3.1342221674069117
17.55 3.0953898759478493
17.650000000000002 3.067774278266627
17.75 3.051094085466594
17.85 2.9945659526390975
17.95 2.9379337377627763
18.05 2.91308244268948
18.150000000000002 2.8883307973875367
18.25 2.831903773068004
18.35 2.768114489811688
18.45 2.7381100201334343
18.55 2.720998260486681
18.650000000000002 2.660302558612956
18.75 2.6167604958854134
18.85 2.6083736523880408
18.95 2.5518133942353862
19.05 2.5010837795828955
19.150000000000002 2.47084997318369
19.25 2.436341717970803
19.35 2.385254367516221
19.450000000000003 2.342143534110723
19.55 2.3181080073138745
19.650000000000002 2.276655368597099
19.75 2.2560441240860873
19.85 2.2305542357814123
19.950000000000003 2.245638267724779
20.05 2.170488712458463
20.150000000000002 2.1525482067639636
20.25 2.1319809109964205
20.35 2.1026258125125254
20.450000000000003 2.0611987578121678
20.55 2.0550971811899013
20.650000000000002 2.000080342957779
20.75 2.001320728065064
20.85 1.9970764456943737
20.950000000000003 1.9529229534739472
21.05 1.9041321229461035
21.150000000000002 1.9047819760505218
21.25 1.8653554702065709
21.35 1.8263185496131051
21.450000000000003 1.798806888670708
21.55 1.8122816547730258
21.650000000000002 1.7851247813647746
21.75 1.75126854551989
21.85 1.7221363726579866
21.950000000000003 1.714180062676153
22.05 1.7023007977767424
22.150000000000002 1.6758786485726134
22.25 1.6693683476386434
22.35 1.6197436038342024
22.450000000000003 1.618744587028523
22.55 1.5912063748979839
22.650000000000002 1.573233913160821
22.75 1.5715002133534195
22.85 1.5699721532690405
22.950000000000003 1.525472191836419
23.05 1.5311918256506432
23.150000000000002 1.4722966712435284
23.25 1.4680985663371293
23.35 1.442361315730481
23.450000000000003 1.4395175453099098
23.55 1.4292098279414545
23.650000000000002 1.4094415725543816
23.75 1.3763642558990952
23.85 1.3865051231361827
23.950000000000003 1.3542654100459683
24.05 1.3405786879127135
24.150000000000002 1.3403088645636636
24.25 1.3032020523543808
24.35 1.3101182682763262
24.450000000000003 1.2923094006213711
24.55 1.2727715796139432
24.650000000000002 1.2429467788085171
24.75 1.2390384520592561
24.85 1.2377370198711604
24.950000000000003 1.2291296672430447
25.05 1.2171570616881167

