0.05 0.0
0.15000000000000002 0.0
0.25 0.0
0.35000000000000003 0.0
0.45 0.0
0.55 0.0
0.65 0.0
0.75 0.0
0.8500000000000001 0.0
0.9500000000000001 0.0
1.05 0.0
1.1500000000000001 0.0
1.25 0.0
1.35 0.0
1.4500000000000002 0.0
1.55 0.0
1.6500000000000001 0.0
1.75 0.0
1.85 0.0
1.9500000000000002 0.0
2.0500000000000003 0.0
2.15 0.0
2.25 0.0
2.35 0.0
2.45 0.0
2.5500000000000003 0.00032711178695743026
2.6500000000000004 0.0012123889784756401
2.75 0.004224001296334283
2.85 0.0052413239641758095
2.95 0.009538038340327418
3.0500000000000003 0.016014011019843847
3.1500000000000004 0.030237386284220208
3.25 0.06990259952738674
3.35 0.16328591675095866
3.45 0.30827294909419556
3.5500000000000003 0.5294053535727693
3.6500000000000004 0.7918502580113722
3.75 1.0267175840487415
3.85 1.255925057167306
3.95 1.370285869353622
4.05 1.4934529413338815
4.15 1.5433164024782842
4.25 1.5847804356342328
4.3500000000000005 1.6348121984199282
4.45 1.652980948106607
4.55 1.665429930183911
4.65 1.6700574184323593
4.75 1.7044858193760508
4.8500000000000005 1.7154271629691777
4.95 1.7001877246251955
5.050000000000001 1.717569961293649
5.15 1.7327820315032905
5.25 1.7243902249935323
5.3500000000000005 1.7481023479616697
5.45 1.7221808771559863
5.550000000000001 1.7182810049812616
5.65 1.7338553525944689
5.75 1.7157101679911149
5.8500000000000005 1.7037016050892821
5.95 1.700711604229225
6.050000000000001 1.6915212306552403
6.15 1.6812036406868212
6.25 1.666041124849548
6.3500000000000005 1.6665613019982304
6.45 1.6592995679978781
6.550000000000001 1.6388278486275367
6.65 1.6442622003406846
6.75 1.6336516443173106
6.8500000000000005 1.6500654647068884
6.95 1.6577995967138217
7.050000000000001 1.6878085606080393
7.15 1.7015956841347781
7.25 1.7022174225335651
7.3500000000000005 1.7338578060700158
7.45 1.784207899290008
7.550000000000001 1.8127270749688196
7.65 1.8247128556596404
7.75 1.8794811253581585
7.8500000000000005 1.926989532927637
7.95 1.979131127965665
8.05 2.02621642807799
8.15 2.0673226616535567
8.25 2.1118072022665624
8.35 2.1487321576954055
8.450000000000001 2.193796714852253
8.55 2.2155414591152613
8.65 2.242151330781605
8.75 2.282634174985925
8.85 2.32589129491651
8.950000000000001 2.3464309631962563
9.05 2.3702322991525864
9.15 2.3874979124246627
9.25 2.4249032218108413
9.35 2.424425910721095
9.450000000000001 2.4544377122935463
9.55 2.4754643404349608
9.65 2.4764473148227
9.75 2.4921509919847
9.850000000000001 2.501969906578645
9.950000000000001 2.4937938454642774
10.05 2.5131422944636124
10.15 2.5419435917566604
10.25 2.551023894302656
10.350000000000001 2.5753780250932206
10.450000000000001 2.600407848359544
10.55 2.627320139641404
10.65 2.656380239338196
10.75 2.705187500743642
10.850000000000001 2.7359163886394615
10.950000000000001 2.7614554959498845
11.05 2.8010160810590987
11.15 2.818110508708134
11.25 2.8009347851186246
11.350000000000001 2.7822592394058265
11.450000000000001 2.7429978464233775
11.55 2.7015660976753995
11.65 2.656457218081909
11.75 2.604244495244503
11.850000000000001 2.5865025136715345
11.950000000000001 2.5451623096280933
12.05 2.4842341494011473
12.15 2.4582640609886552
12.25 2.42117605785429
12.350000000000001 2.384587363340286
12.450000000000001 2.359950196748291
12.55 2.333858012864871
12.65 2.316504494637525
12.75 2.2850181044888007
12.850000000000001 2.26656472431537
12.950000000000001 2.243516954173121
13.05 2.224083844103012
13.15 2.205284370983772
13.25 2.180489934147368
13.350000000000001 2.160051873265811
13.450000000000001 2.1376519707154387
13.55 2.1160001207940495
13.65 2.098243967208181
13.75 2.077456143013506
13.850000000000001 2.059634579363563
13.950000000000001 2.0562926150184277
14.05 2.042650735924406
14.15 2.03356550224445
14.25 2.024868247764346
14.350000000000001 2.0233578055192987
14.450000000000001 2.0232351356422362
14.55 2.01840591409794
14.65 2.0099756657001855
14.75 2.012858735753568
14.850000000000001 2.0059182152850683
14.950000000000001 2.0009642013670623
15.05 1.987714355750809
15.15 1.9921038603431027
15.25 1.98246853312514
15.350000000000001 1.9697453098674838
15.450000000000001 1.950232245359932
15.55 1.9250271833120858
15.65 1.9045036699386264
15.75 1.8854132802944752
15.850000000000001 1.8695903279434944
15.950000000000001 1.8368833234947295
16.05 1.8128485486278998
16.150000000000002 1.7872072302755284
16.25 1.7626220607595522
16.35 1.7331708997541788
16.45 1.704969313410217
16.55 1.6799637828000276
16.650000000000002 1.6496932656277945
16.75 1.6173886468268164
16.85 1.5896249757602163
16.95 1.5586735730434491
17.05 1.5355606829469344
17.150000000000002 1.508048112273793
17.25 1.4764512457656873
17.35 1.459240910050393
17.45 1.4235226066832602
17.55 1.3994574615947522
17.650000000000002 1.3805064043230098
17.75 1.3506425821904087
17.85 1.328101614563886
17.95 1.304766177416504
18.05 1.2855760934778562
18.150000000000002 1.2607742715098003
18.25 1.2390842019991897
18.35 1.2181080790262506
18.45 1.2040455216036696
18.55 1.1859619961757384
18.650000000000002 1.163935883008784
18.75 1.1492682396233749
18.85 1.134735793960082
18.95 1.1118902370011734
19.05 1.0995180175782904
19.150000000000002 1.0840190411468482
19.25 1.0677774336553458
19.35 1.057849596115074
19.450000000000003 1.0366749251403937
19.55 1.027522939977437
19.650000000000002 1.0175805495689987
19.75 0.9984748937522153
19.85 0.9877869476099549
19.950000000000003 0.9812568778532773
20.05 0.9652947385346561
20.150000000000002 0.9574921271031622
20.25 0.9499072325053569
20.35 0.9300013478308226
20.450000000000003 0.9233634711204433
20.55 0.9156272985104021
20.650000000000002 0.9054963675416082
20.75 0.8969243453284684
20.85 0.8909960300513236
20.950000000000003 0.8773539701459967
21.05 0.8701330580281669
21.150000000000002 0.8701874964178066
21.25 0.8588066478974058
21.35 0.8510926669109429
21.450000000000003 0.8457009017096269
21.55 0.839507009393504
21.650000000000002 0.8321463243124443
21.75 0.8287923595015663
21.85 0.8180936558357129
21.950000000000003 0.8150678669588851
22.05 0.8135017762945888
22.150000000000002 0.8057909823667427
22.25 0.8046536515278987
22.35 0.7980560700158513
22.450000000000003 0.7954387146101768
22.55 0.790271667450744
22.650000000000002 0.7857156233030319
22.75 0.7796360126228176
22.85 0.7826904353703403
22.950000000000003 0.7796769725772957
23.05 0.7757740539698773
23.150000000000002 0.7756181662992743
23.25 0.7707802460718259
23.35 0.7706555701769706
23.450000000000003 0.7696140895354726
23.55 0.7663379084117838
23.650000000000002 0.7660785589649883
23.75 0.761865462986431
23.85 0.7670910450034973
23.950000000000003 0.7634562120569977
24.05 0.7580400749103268
24.150000000000002 0.762657564621147
24.25 0.7605991380596808
24.35 0.7598028345824013
24.450000000000003 0.7597497164318144
24.55 0.7612659252908147
24.650000000000002 0.7588609790319839
24.75 0.7605187669550134
24.85 0.7624744288276327
24.950000000000003 0.7594775040824336
25.05 0.760827437490806

