0.05 0.0
0.15000000000000002 0.0
0.25 0.0
0.35000000000000003 0.0
0.45 0.0
0.55 0.0
0.65 0.0
0.75 0.0
0.8500000000000001 0.0
0.9500000000000001 0.0
1.05 0.0
1.1500000000000001 0.0
1.25 0.0
1.35 0.0
1.4500000000000002 0.0
1.55 0.0
1.6500000000000001 0.0
1.75 0.0
1.85 0.0
1.9500000000000002 0.0
2.0500000000000003 0.0
2.15 0.0
2.25 0.0
2.35 0.0
2.45 0.0
2.5500000000000003 0.0
2.6500000000000004 0.0
2.75 0.0014064025694007405
2.85 0.0020964621653449564
2.95 0.00709448887364798
3.0500000000000003 0.012122604385922204
3.1500000000000004 0.01801785927778578
3.25 0.022766939360102493
3.35 0.034132330734517664
3.45 0.05256446395342506
3.5500000000000003 0.07598978107122345
3.6500000000000004 0.12348504184834624
3.75 0.1917569841778919
3.85 0.2799987423594184
3.95 0.3750972253532342
4.05 0.48436023329415556
4.15 0.5931436500958849
4.25 0.7031052382052999
4.3500000000000005 0.7795748827272029
4.45 0.8849082425140887
4.55 0.9847545626617591
4.65 1.052615565667614
4.75 1.1100538564742162
4.8500000000000005 1.1817815634305047
4.95 1.2599016121051154
5.050000000000001 1.326363503475242
5.15 1.3539305958404897
5.25 1.3881093133309312
5.3500000000000005 1.4417422324861413
5.45 1.4405841244124726
5.550000000000001 1.482699138514587
5.65 1.5014888812869367
5.75 1.5136591837733098
5.8500000000000005 1.5487212991856452
5.95 1.5573354638454806
6.050000000000001 1.57460441510322
6.15 1.634605463757145
6.25 1.6506699538523688
6.3500000000000005 1.6950268081722466
6.45 1.7561561058225164
6.550000000000001 1.825012452014243
6.65 1.8747807854250904
6.75 1.9695323532843947
6.8500000000000005 2.0417676355153755
6.95 2.1387871059776127
7.050000000000001 2.2084060814279654
7.15 2.300476262285373
7.25 2.35134871846133
7.3500000000000005 2.410557710078571
7.45 2.4480583353845238
7.550000000000001 2.4816735091208453
7.65 2.5110783150859883
7.75 2.5532740855193623
7.8500000000000005 2.5643895691770413
7.95 2.567773591512875
8.05 2.5639012305166493
8.15 2.593234083271058
8.25 2.595289450262349
8.35 2.5886533140668044
8.450000000000001 2.614464851358937
8.55 2.6300140539821015
8.65 2.6336456418720444
8.75 2.6477519188989778
8.85 2.6472797304689957
8.950000000000001 2.6516982140716805
9.05 2.6569016112825232
9.15 2.6433387883786694
9.25 2.65343865656119
9.35 2.654432724463563
9.450000000000001 2.6547918817644267
9.55 2.6609900180566237
9.65 2.6512605656841806
9.75 2.651911608777432
9.850000000000001 2.6493041938030726
9.950000000000001 2.6358459131020786
10.05 2.627837431527227
10.15 2.6386295535636117
10.25 2.641228715076449
10.350000000000001 2.637149929638754
10.450000000000001 2.6397967747692586
10.55 2.6527814599422816
10.65 2.6582666892108238
10.75 2.6634483189649085
10.850000000000001 2.6689022882560063
10.950000000000001 2.689093557485392
11.05 2.6924168451195767
11.15 2.715962102769079
11.25 2.740743369661491
11.350000000000001 2.752858226386785
11.450000000000001 2.7567005755022334
11.55 2.76876860407423
11.65 2.7733257593508878
11.75 2.7571491061590505
11.850000000000001 2.7483728061738493
11.950000000000001 2.7463371775490173
12.05 2.732047829232116
12.15 2.693744296860658
12.25 2.673518773282193
12.350000000000001 2.6517428806043317
12.450000000000001 2.637739213866248
12.55 2.6100567178937197
12.65 2.5937526718357553
12.75 2.569287675227598
12.850000000000001 2.540584773220315
12.950000000000001 2.518469810682752
13.05 2.505214286340601
13.15 2.4963437562795416
13.25 2.4682429136782083
13.350000000000001 2.4613215469251646
13.450000000000001 2.4434196549138405
13.55 2.4375560561749765
13.65 2.428113498412627
13.75 2.417974199154268
13.850000000000001 2.407842160943131
13.950000000000001 2.4018026143328997
14.05 2.396486445954257
14.15 2.3791119967899093
14.25 2.369299386329133
14.350000000000001 2.353186178833151
14.450000000000001 2.334683193351457
14.55 2.3019877798505672
14.65 2.2699303041179135
14.75 2.2332928611828895
14.850000000000001 2.19315181810262
14.950000000000001 2.160651944355658
15.05 2.1181642524347324
15.15 2.0698927451151055
15.25 2.0279398269323585
15.350000000000001 1.989229237827855
15.450000000000001 1.9470586530750016
15.55 1.902643221939535
15.65 1.8714711401191917
15.75 1.8413748755776336
15.850000000000001 1.8013841714069305
15.950000000000001 1.7650008321122972
16.05 1.7312677352914168
16.150000000000002 1.7066412331114043
16.25 1.6678662856361641
16.35 1.6440766623368248
16.45 1.6101613636857024
16.55 1.5841827412884022
16.650000000000002 1.5546273679430849
16.75 1.529822139632407
16.85 1.4984945794757554
16.95 1.4744895253315018
17.05 1.449639109364413
17.150000000000002 1.4184819677455962
17.25 1.393008268304296
17.35 1.3677055105608038
17.45 1.3425811457296202
17.55 1.3232304958447576
17.650000000000002 1.2984425494484775
17.75 1.2798649752818105
17.85 1.2520395630675423
17.95 1.228607479703972
18.05 1.2113426261996312
18.150000000000002 1.1885030107794756
18.25 1.1744663052306172
18.35 1.1485570161488332
18.45 1.132593573600451
18.55 1.1147334723335611
18.650000000000002 1.1017821934547254
18.75 1.087824559567924
18.85 1.0667188944111452
18.95 1.0553555801397485
19.05 1.0407128268613162
19.150000000000002 1.0225318043567975
19.25 1.0069915818281887
19.35 0.9959493739577716
19.450000000000003 0.9823235752829365
19.55 0.9707311044504091
19.650000000000002 0.9604037958999249
19.75 0.9427681285530497
19.85 0.9282056279388264
19.950000000000003 0.9200709589672901
20.05 0.9118872663295632
20.150000000000002 0.8974725771315263
20.25 0.8841189659817519
20.35 0.8758550244541723
20.450000000000003 0.8718796721493929
20.55 0.8562881084022239
20.650000000000002 0.8511785648555666
20.75 0.840554449233307
20.85 0.8347277514962714
20.950000000000003 0.8298889131168004
21.05 0.8184367798305278
21.150000000000002 0.8118182129801764
21.25 0.8057933949824578
21.35 0.8027582017460717
21.450000000000003 0.7913909151538723
21.55 0.7855790491415711
21.650000000000002 0.778560517310798
21.75 0.774124376690494
21.85 0.7690288506386918
21.950000000000003 0.7645457470511959
22.05 0.7591686468284267
22.150000000000002 0.755153465484139
22.25 0.7506656128233277
22.35 0.7478383937446053
22.450000000000003 0.7439879450893238
22.55 0.7411969259859592
22.650000000000002 0.7347936671462734
22.75 0.733435003821474
22.85 0.7304870612034455
22.950000000000003 0.7286324820176142
23.05 0.7256533318063383
23.150000000000002 0.7238640400445624
23.25 0.7237364885968575
23.35 0.7234505634127905
23.450000000000003 0.7168352060660068
23.55 0.7162256416559137
23.650000000000002 0.7146629255448007
23.75 0.7122884631822226
23.85 0.7109419598741061
23.950000000000003 0.7103888332976669
24.05 0.7094404851414076
24.150000000000002 0.7137840608871622
24.25 0.711757347517512
24.35 0.7113204848229151
24.450000000000003 0.7107949753755657
24.55 0.7093132736043685
24.650000000000002 0.7088335015631896
24.75 0.7127344495584508
24.85 0.7137643022348917
24.950000000000003 0.7143597293906949
25.05 0.7131115479854181

