0.05 0.0
0.15000000000000002 0.0
0.25 0.0
0.35000000000000003 0.0
0.45 0.0
0.55 0.0
0.65 0.0
0.75 0.0
0.8500000000000001 0.0
0.9500000000000001 0.0
1.05 0.0
1.1500000000000001 0.0
1.25 0.0
1.35 0.0
1.4500000000000002 0.0
1.55 0.0
1.6500000000000001 0.0
1.75 0.0
1.85 0.0
1.9500000000000002 0.0
2.0500000000000003 0.0
2.15 0.0
2.25 0.0
2.35 0.0
2.45 0.0
2.5500000000000003 0.0
2.6500000000000004 0.0003022051059177848
2.75 0.002533568502717247
2.85 0.007077175723801495
2.95 0.018339143773393542
3.0500000000000003 0.0217284593040677
3.1500000000000004 0.04331856217960092
3.25 0.05297380816084352
3.35 0.0659918047091726
3.45 0.08957402686833575
3.5500000000000003 0.18034639472631048
3.6500000000000004 0.33209249855838713
3.75 0.5448044987438858
3.85 0.7511639089828004
3.95 0.9424704365254718
4.05 1.0904153897723812
4.15 1.2232619808006853
4.25 1.3722179022515724
4.3500000000000005 1.515208455904731
4.45 1.7404048104063174
4.55 1.927994112235074
4.65 2.2116293764068184
4.75 2.4536184611207057
4.8500000000000005 2.666435796628911
4.95 2.868022682362027
5.050000000000001 2.980902954512688
5.15 3.0933799645447144
5.25 3.1841893874904033
5.3500000000000005 3.208970081393772
5.45 3.2281432009980704
5.550000000000001 3.271705542467329
5.65 3.2743732470006774
5.75 3.2478337739717884
5.8500000000000005 3.2649831307647084
5.95 3.245219079190307
6.050000000000001 3.251023385769896
6.15 3.2683431170240955
6.25 3.2626693736249193
6.3500000000000005 3.244468158644957
6.45 3.2392115252045297
6.550000000000001 3.2274821267765375
6.65 3.2045119011542296
6.75 3.2098465740658675
6.8500000000000005 3.204147385979029
6.95 3.2163571193984324
7.050000000000001 3.189599271352356
7.15 3.1768960263785173
7.25 3.2078062321513947
7.3500000000000005 3.1797790190809865
7.45 3.204566362550358
7.550000000000001 3.1857994888169916
7.65 3.176177651970431
7.75 3.1555874036594713
7.8500000000000005 3.1815570564584355
7.95 3.1632503362899946
8.05 3.160310331857097
8.15 3.174287392276762
8.25 3.1712859533497704
8.35 3.1792681330486565
8.450000000000001 3.166968595346863
8.55 3.1656281782427316
8.65 3.1491495200182382
8.75 3.1713931698385807
8.85 3.157171354877485
8.950000000000001 3.147476219847321
9.05 3.148014124983178
9.15 3.133895254384157
9.25 3.122177379875708
9.35 3.079359050288288
9.450000000000001 3.115585328475693
9.55 3.0971881015181317
9.65 3.088271992097222
9.75 3.0775327199678024
9.850000000000001 3.0688380516794025
9.950000000000001 3.064006276193454
10.05 3.0483966018946482
10.15 3.073928859677284
10.25 3.068574890509894
10.350000000000001 3.0611485380513406
10.450000000000001 3.0688732412296678
10.55 3.0874258614419996
10.65 3.101808826444761
10.75 3.1190172143685984
10.850000000000001 3.152100572151412
10.950000000000001 3.1970983132438153
11.05 3.227881169806494
11.15 3.2549619895690283
11.25 3.2889045763339677
11.350000000000001 3.286968393316414
11.450000000000001 3.2963432435112217
11.55 3.315512610633121
11.65 3.315821638999975
11.75 3.3168838440007504
11.850000000000001 3.328598966345313
11.950000000000001 3.3211730781347595
12.05 3.311252370246803
12.15 3.2869206105995996
12.25 3.2453182017184927
12.350000000000001 3.187290228224145
12.450000000000001 3.1159255809479607
12.55 3.0614035883930346
12.65 2.979495320466919
12.75 2.9020986913679163
12.850000000000001 2.8394749104834873
12.950000000000001 2.7739984831559763
13.05 2.7055727824423785
13.15 2.6437008079725075
13.25 2.584363934178552
13.350000000000001 2.53469866598564
13.450000000000001 2.4651609729222845
13.55 2.4175508132213777
13.65 2.3703659567266415
13.75 2.3214458177758313
13.850000000000001 2.267205411749105
13.950000000000001 2.222886536247798
14.05 2.193315360769715
14.15 2.164187008480352
14.25 2.1121424528603883
14.350000000000001 2.091934205547778
14.450000000000001 2.054998206843665
14.55 2.0226523060819805
14.65 2.004551016962864
14.75 1.9679424545791009
14.850000000000001 1.9367557942708433
14.950000000000001 1.9088642261759625
15.05 1.8727143154714783
15.15 1.8437028317722641
15.25 1.8153478200562112
15.350000000000001 1.7843784053442588
15.450000000000001 1.7485517058694322
15.55 1.7179274570205707
15.65 1.6913918577398546
15.75 1.6554209250314063
15.850000000000001 1.6303481199714147
15.950000000000001 1.6039141300741275
16.05 1.567168708924078
16.150000000000002 1.5367085619401382
16.25 1.5048013525221136
16.35 1.482606914726655
16.45 1.4562453791828465
16.55 1.4224661424685836
16.650000000000002 1.404671995530678
16.75 1.383753910766417
16.85 1.3536607083389605
16.95 1.33609183821595
17.05 1.310298560324557
17.150000000000002 1.2819287832383615
17.25 1.2666293529199233
17.35 1.2451796347200943
17.45 1.2246630003268757
17.55 1.1996363615870003
17.650000000000002 1.1832471345786648
17.75 1.1664396962077446
17.85 1.1487908887680434
17.95 1.1303166540429455
18.05 1.111118331901663
18.150000000000002 1.097082953492216
18.25 1.077809117176234
18.35 1.064126698299356
18.45 1.0484677250550765
18.55 1.0372140195673942
18.650000000000002 1.018992453175021
18.75 1.0120767722618849
18.85 0.9925233673061374
18.95 0.9789703213763922
19.05 0.9686357972829861
19.150000000000002 0.9569464443357161
19.25 0.9451426621240007
19.35 0.9299371018115341
19.450000000000003 0.9191152387530622
19.55 0.907241527609463
19.650000000000002 0.8963857085409945
19.75 0.8854132533376268
19.85 0.872513735907381
19.950000000000003 0.8616760282012497
20.05 0.8542912809043616
20.150000000000002 0.8392598630573723
20.25 0.834880211634898
20.35 0.8258161920165008
20.450000000000003 0.8178504814381556
20.55 0.8066816325117772
20.650000000000002 0.7978476184087919
20.75 0.7910150661993316
20.85 0.782285420251234
20.950000000000003 0.7775062656075932
21.05 0.7691529130416958
21.150000000000002 0.7621519103828726
21.25 0.7501085230358006
21.35 0.7446785352208628
21.450000000000003 0.7399735883199772
21.55 0.7337389221519497
21.650000000000002 0.7305616242953379
21.75 0.7196891019167165
21.85 0.7142388479900506
21.950000000000003 0.7129204655117676
22.05 0.7028110974212968
22.150000000000002 0.6993787161244132
22.25 0.6950393243103384
22.35 0.6926208001074018
22.450000000000003 0.6864703784611148
22.55 0.6831328772958035
22.650000000000002 0.6751989848799343
22.75 0.6776272502797439
22.85 0.6729339374413699
22.950000000000003 0.6668469751875352
23.05 0.6629490315735578
23.150000000000002 0.6607145231625468
23.25 0.6579999817305413
23.35 0.6586306398375701
23.450000000000003 0.6509936940636757
23.55 0.6500630030487254
23.650000000000002 0.6479766256154202
23.75 0.6469936251318911
23.85 0.6468114296124664
23.950000000000003 0.6411658251242417
24.05 0.64470669944697
24.150000000000002 0.6402616171809002
24.25 0.6409095489392316
24.35 0.6393635856926411
24.450000000000003 0.6393507567000452
24.55 0.641040735029033
24.650000000000002 0.6370125831909845
24.75 0.6395356718826541
24.85 0.6379230999288911
24.950000000000003 0.6359995830395397
25.05 0.6400522593247971

