0.05 0.0
0.15000000000000002 0.0
0.25 0.0
0.35000000000000003 0.0
0.45 0.0
0.55 0.0
0.65 0.0
0.75 0.0
0.8500000000000001 0.0
0.9500000000000001 0.0
1.05 0.0
1.1500000000000001 0.0
1.25 0.0
1.35 0.0
1.4500000000000002 0.0
1.55 0.0
1.6500000000000001 0.0
1.75 0.0
1.85 0.0
1.9500000000000002 0.0
2.0500000000000003 0.0
2.15 0.0
2.25 0.0
2.35 0.0
2.45 0.0
2.5500000000000003 0.0
2.6500000000000004 0.0
2.75 0.0
2.85 0.0
2.95 0.0
3.0500000000000003 0.0
3.1500000000000004 0.0006435530129950634
3.25 0.0006038772958816299
3.35 0.0011402986286685954
3.45 0.0021425588165976677
3.5500000000000003 0.0025321200326284318
3.6500000000000004 0.004635983354047718
3.75 0.00757069389225695
3.85 0.011910763759459854
3.95 0.017726501671700493
4.05 0.02076069263827642
4.15 0.030153276613012734
4.25 0.05042670631481308
4.3500000000000005 0.08165972592025544
4.45 0.12714679259427777
4.55 0.18793778042391318
4.65 0.27334685244842494
4.75 0.3534498711865992
4.8500000000000005 0.4416209384093203
4.95 0.5406684075017808
5.050000000000001 0.6546166400845466
5.15 0.7467559040731743
5.25 0.8411723403824254
5.3500000000000005 0.9430010131352198
5.45 0.9869380653430534
5.550000000000001 1.0503132366942507
5.65 1.1185260597541418
5.75 1.1471052409135467
5.8500000000000005 1.1953988541044036
5.95 1.2373103326441732
6.050000000000001 1.2413624382246153
6.15 1.2600863591492415
6.25 1.2912393148571697
6.3500000000000005 1.320652642704725
6.45 1.327428151528683
6.550000000000001 1.3390849121132555
6.65 1.3522581219545484
6.75 1.37176020910666
6.8500000000000005 1.3751674276434414
6.95 1.394221903728067
7.050000000000001 1.3903633573368306
7.15 1.4034841811385914
7.25 1.4247742668083805
7.3500000000000005 1.4409572839272367
7.45 1.4726185086496506
7.550000000000001 1.485131803925181
7.65 1.564959619699274
7.75 1.602840233765719
7.8500000000000005 1.6568442068218903
7.95 1.73175484043193
8.05 1.8022803644953678
8.15 1.864503155523079
8.25 1.9474365746049502
8.35 1.9958922275435254
8.450000000000001 2.0614125369265506
8.55 2.1119127685924077
8.65 2.1505157121906056
8.75 2.2011527571413287
8.85 2.226216345129264
8.950000000000001 2.260822771341492
9.05 2.2775993019283702
9.15 2.2830193338422
9.25 2.290354472362861
9.35 2.3028172621931806
9.450000000000001 2.3203440187975954
9.55 2.319010105091282
9.65 2.3407032610773437
9.75 2.3221992411855705
9.850000000000001 2.336770159880623
9.950000000000001 2.3362152356929315
10.05 2.3612067397602012
10.15 2.3696991297831835
10.25 2.353689038163878
10.350000000000001 2.373735052454855
10.450000000000001 2.3623190357128316
10.55 2.362540087832672
10.65 2.371392190753603
10.75 2.3708387598255447
10.850000000000001 2.351832269138207
10.950000000000001 2.3563732876041317
11.05 2.358089204747668
11.15 2.3771611538528314
11.25 2.3528013184635768
11.350000000000001 2.3617265844518074
11.450000000000001 2.366226971101622
11.55 2.384446931392952
11.65 2.3868455876616674
11.75 2.407444184448739
11.850000000000001 2.4267300076438993
11.950000000000001 2.4464405409649057
12.05 2.465598107133787
12.15 2.4889257688105637
12.25 2.5049078342635216
12.350000000000001 2.5087392250305363
12.450000000000001 2.5103319750128112
12.55 2.5093325517997505
12.65 2.5003727884142335
12.75 2.494784407503589
12.850000000000001 2.4691964465233593
12.950000000000001 2.457715597128644
13.05 2.416784583209841
13.15 2.403771227770897
13.25 2.3675590042511483
13.350000000000001 2.3332345148260014
13.450000000000001 2.3219913467910103
13.55 2.2854954115152
13.65 2.2566267830190396
13.75 2.240362172539751
13.850000000000001 2.2083843625609716
13.950000000000001 2.1969943426576592
14.05 2.178796558437835
14.15 2.1690863772257134
14.25 2.1479007731662674
14.350000000000001 2.146217122498876
14.450000000000001 2.125230707937835
14.55 2.122578205194793
14.65 2.1186772706473103
14.75 2.110034794121181
14.850000000000001 2.1058536618566097
14.950000000000001 2.101977688672806
15.05 2.103581480766544
15.15 2.095408949988994
15.25 2.0906067065370824
15.350000000000001 2.089498920820828
15.450000000000001 2.081015771901022
15.55 2.0606887125956868
15.65 2.0368386462130754
15.75 2.0232121665049814
15.850000000000001 1.9836415718150373
15.950000000000001 1.9614674585281413
16.05 1.923169211729429
16.150000000000002 1.8880492519156873
16.25 1.8509151597595859
16.35 1.8119244505325982
16.45 1.780789274602722
16.55 1.7462022285027603
16.650000000000002 1.7148008872774754
16.75 1.6837747492262984
16.85 1.646817594877368
16.95 1.6112287412893607
17.05 1.571818560507801
17.150000000000002 1.5442399604588588
17.25 1.5106052991887733
17.35 1.4798394846394387
17.45 1.4500728482043073
17.55 1.4253975221962025
17.650000000000002 1.3952618368219138
17.75 1.3662261771195312
17.85 1.3434294325347749
17.95 1.3217796630395502
18.05 1.2965075246846527
18.150000000000002 1.2790574326716098
18.25 1.2507330710865578
18.35 1.2326658572792015
18.45 1.2098163990060036
18.55 1.1986862902610402
18.650000000000002 1.1756070954518054
18.75 1.1554146705875652
18.85 1.1427139804548
18.95 1.1281853698072868
19.05 1.1057175413807585
19.150000000000002 1.0887916357420535
19.25 1.07653270374746
19.35 1.0581805687214052
19.450000000000003 1.0470444796569878
19.55 1.027557127729807
19.650000000000002 1.0168775878984846
19.75 1.0037542566477768
19.85 0.9886386499032834
19.950000000000003 0.9757659700927774
20.05 0.9662231882170849
20.150000000000002 0.9569525488698878
20.25 0.9495739740929201
20.35 0.9374032041724614
20.450000000000003 0.9240462576113647
20.55 0.9136184362320181
20.650000000000002 0.9093553375373732
20.75 0.8965761478335886
20.85 0.8906348587256926
20.950000000000003 0.8820986813371328
21.05 0.8711459013824328
21.150000000000002 0.8679485102493536
21.25 0.8571495659345492
21.35 0.8516539885653391
21.450000000000003 0.8403706244512035
21.55 0.8399174045676163
21.650000000000002 0.8343223141808533
21.75 0.8289622154279608
21.85 0.8204408895291497
21.950000000000003 0.8176606558839261
22.05 0.8125867800163161
22.150000000000002 0.8055011626780446
22.25 0.8068572820012132
22.35 0.8014320407503663
22.450000000000003 0.7997568450007292
22.55 0.7936011351055462
22.650000000000002 0.7941032781004739
22.75 0.7908318673667629
22.85 0.784374574593539
22.950000000000003 0.7875631445711571
23.05 0.7823552055476831
23.150000000000002 0.7791773657271404
23.25 0.7754826730078785
23.35 0.7749413919469198
23.450000000000003 0.7754107706373687
23.55 0.7739898521604349
23.650000000000002 0.7713646662436852
23.75 0.7716606112873343
23.85 0.7689956583750182
23.950000000000003 0.7695879830960435
24.05 0.7699461480481818
24.150000000000002 0.7674934415325149
24.25 0.767221743008507
24.35 0.7719953076293198
24.450000000000003 0.7713270950114636
24.55 0.7661367120220134
24.650000000000002 0.7690633733382479
24.75 0.771345555424486
24.85 0.7738934954081339
24.950000000000003 0.7745423432650854
25.05 0.7722304898244393

