0.05 0.0
0.15000000000000002 0.0
0.25 0.0
0.35000000000000003 0.0
0.45 0.0
0.55 0.0
0.65 0.0
0.75 0.0
0.8500000000000001 0.0
0.9500000000000001 0.0
1.05 0.0
1.1500000000000001 0.0
1.25 0.0
1.35 0.0
1.4500000000000002 0.0
1.55 0.0
1.6500000000000001 0.0
1.75 0.0
1.85 0.0
1.9500000000000002 0.0
2.0500000000000003 0.0
2.15 0.0
2.25 0.0
2.35 0.0
2.45 0.0
2.5500000000000003 0.0
2.6500000000000004 0.00030405276255577126
2.75 0.0
2.85 0.0002620184234057629
2.95 0.0019561383230427163
3.0500000000000003 0.004116373847433644
3.1500000000000004 0.006218092896738782
3.25 0.012692828953589518
3.35 0.018208193244825577
3.45 0.0514984271141449
3.5500000000000003 0.12090522928048549
3.6500000000000004 0.23976884840939014
3.75 0.38665368654226895
3.85 0.5229407469239876
3.95 0.6727307007653384
4.05 0.7722012736299326
4.15 0.9490656712348039
4.25 1.071867839106772
4.3500000000000005 1.2595385145065103
4.45 1.4196391268750914
4.55 1.5578476842882514
4.65 1.6369031477758968
4.75 1.762627068613754
4.8500000000000005 1.8065120200182796
4.95 1.858749744918419
5.050000000000001 1.8496731299077853
5.15 1.8522172759207238
5.25 1.8175946857467213
5.3500000000000005 1.7951709277038816
5.45 1.7730799750364914
5.550000000000001 1.7624714686425706
5.65 1.7352777723480353
5.75 1.7088458485198699
5.8500000000000005 1.7230579042904615
5.95 1.676794451579323
6.050000000000001 1.6623453062351465
6.15 1.671666786804822
6.25 1.64852904553995
6.3500000000000005 1.6218842411430405
6.45 1.6197120013159534
6.550000000000001 1.6065282761346518
6.65 1.5999967368829475
6.75 1.5845261649862674
6.8500000000000005 1.5924243213139282
6.95 1.5759112374721713
7.050000000000001 1.5786188786051714
7.15 1.6023402460108136
7.25 1.5988742407056482
7.3500000000000005 1.630092194963055
7.45 1.6439576566171568
7.550000000000001 1.6831367808814308
7.65 1.7102874751895893
7.75 1.757832883257927
7.8500000000000005 1.800807503132264
7.95 1.8742284905267985
8.05 1.9268911033772593
8.15 1.9845488941685423
8.25 2.0393917995797217
8.35 2.092419487576809
8.450000000000001 2.153151212953051
8.55 2.2187530875054793
8.65 2.2513944048397274
8.75 2.294607144060122
8.85 2.337369140599177
8.950000000000001 2.3660183433418682
9.05 2.4029104549173748
9.15 2.4189123553420218
9.25 2.462374568126872
9.35 2.469834014091315
9.450000000000001 2.477414441726202
9.55 2.4995737666326328
9.65 2.5014708873279243
9.75 2.502924617566515
9.850000000000001 2.50703196185581
9.950000000000001 2.5169052273035213
10.05 2.533023917276762
10.15 2.5306208562871935
10.25 2.5424873198188482
10.350000000000001 2.553934883321143
10.450000000000001 2.5706755795072973
10.55 2.563204665996678
10.65 2.59368452199873
10.75 2.6052048938145678
10.850000000000001 2.6163309553335465
10.950000000000001 2.662425639175232
11.05 2.66905079752298
11.15 2.7043222739307606
11.25 2.7254679392770838
11.350000000000001 2.7314540593675183
11.450000000000001 2.7546154491504384
11.55 2.7624113321917805
11.65 2.759870683985384
11.75 2.7444743614574523
11.850000000000001 2.7263764732844944
11.950000000000001 2.699637483769553
12.05 2.6575377797527926
12.15 2.6215518058229086
12.25 2.559988093207579
12.350000000000001 2.510117710312462
12.450000000000001 2.4631275479488166
12.55 2.4187906219219255
12.65 2.3611459300864492
12.75 2.330209132399818
12.850000000000001 2.2968568198742485
12.950000000000001 2.2562796674808463
13.05 2.228963087746839
13.15 2.2023023494259815
13.25 2.163120060664283
13.350000000000001 2.1497837358432763
13.450000000000001 2.1332263080638048
13.55 2.100068031308965
13.65 2.083974311762743
13.75 2.065857437119637
13.850000000000001 2.053778986371796
13.950000000000001 2.051636531753792
14.05 2.040315033333742
14.15 2.0301846956252216
14.25 2.0222378431872263
14.350000000000001 2.016168322062893
14.450000000000001 2.015981666393042
14.55 2.0077115507537613
14.65 2.017840587930808
14.75 2.0129237816077916
14.850000000000001 2.0122601076177036
14.950000000000001 2.0106998439312886
15.05 2.021108185224867
15.15 2.0053097136138716
15.25 1.9968625964795257
15.350000000000001 1.99690925506188
15.450000000000001 1.9908171101931438
15.55 1.9747246776191436
15.65 1.9707580023344644
15.75 1.9501770743425526
15.850000000000001 1.927940490823048
15.950000000000001 1.9073511295104257
16.05 1.8753176683458685
16.150000000000002 1.850742285958294
16.25 1.8190000310246854
16.35 1.7844815728078076
16.45 1.7513095761326496
16.55 1.7042116560384675
16.650000000000002 1.666477723965952
16.75 1.648873775873475
16.85 1.6059105062436476
16.95 1.5760530981689933
17.05 1.5431511362075132
17.150000000000002 1.5122280671355732
17.25 1.481596420859451
17.35 1.4534727679346422
17.45 1.4153825346992945
17.55 1.3885215925878924
17.650000000000002 1.3703144420174846
17.75 1.346731502986646
17.85 1.3144578447231978
17.95 1.2922414143322538
18.05 1.2765806483595417
18.150000000000002 1.2517688048545246
18.25 1.2349758418252441
18.35 1.2110475775161562
18.45 1.1860918307754837
18.55 1.1702741269663346
18.650000000000002 1.155485949669939
18.75 1.136486358119267
18.85 1.118673865019412
18.95 1.1091808010942459
19.05 1.08898631829386
19.150000000000002 1.0737187646891144
19.25 1.0583061337189261
19.35 1.0458765672446633
19.450000000000003 1.0309890774045534
19.55 1.0186109595355108
19.650000000000002 1.0095819729951234
19.75 0.9936325371254496
19.85 0.9813756157044919
19.950000000000003 0.9727999107802681
20.05 0.9562551566696897
20.150000000000002 0.9460582982695352
20.25 0.9393840376261144
20.35 0.9292184981952722
20.450000000000003 0.913660532236617
20.55 0.9086526537468699
20.650000000000002 0.8985183357669302
20.75 0.8921205423075288
20.85 0.8816306393563226
20.950000000000003 0.8720576103982236
21.05 0.8628075317954024
21.150000000000002 0.8587268216118493
21.25 0.8516713356102058
21.35 0.8439580526578986
21.450000000000003 0.8360569468294746
21.55 0.8314079425079979
21.650000000000002 0.8261487858784204
21.75 0.8172447689234472
21.85 0.8150182654327218
21.950000000000003 0.8120127874810924
22.05 0.8001690700245226
22.150000000000002 0.7995594687022444
22.25 0.7956598821516283
22.35 0.7936527169383513
22.450000000000003 0.7858341851622853
22.55 0.7857842270795126
22.650000000000002 0.7803526278048768
22.75 0.7764019528405687
22.85 0.7745819481978412
22.950000000000003 0.7745778697082375
23.05 0.7702164367762888
23.150000000000002 0.7708456326648873
23.25 0.764585494600416
23.35 0.7665375062688737
23.450000000000003 0.7623491201186983
23.55 0.7618000943692744
23.650000000000002 0.7596969371016729
23.75 0.7612028742335132
23.85 0.7589156563994148
23.950000000000003 0.759426524946775
24.05 0.7574474063501212
24.150000000000002 0.7576521657002276
24.25 0.7573463244888252
24.35 0.7565838065122371
24.450000000000003 0.7562215255614909
24.55 0.7542444898699856
24.650000000000002 0.7596102010922045
24.75 0.7562927178044931
24.85 0.7540998670997178
24.950000000000003 0.7570381064267129
25.05 0.762890188626426

