0.05 0.0
0.15000000000000002 0.0
0.25 0.0
0.35000000000000003 0.0
0.45 0.0
0.55 0.0
0.65 0.0
0.75 0.0
0.8500000000000001 0.0
0.9500000000000001 0.0
1.05 0.0
1.1500000000000001 0.0
1.25 0.0
1.35 0.0
1.4500000000000002 0.0
1.55 0.0
1.6500000000000001 0.0
1.75 0.0
1.85 0.0
1.9500000000000002 0.0
2.0500000000000003 0.0
2.15 0.0
2.25 0.0
2.35 0.0
2.45 0.0
2.5500000000000003 0.0006549987445333876
2.6500000000000004 0.0036345737895430758
2.75 0.01182404558736003
2.85 0.02961040377796096
2.95 0.053066445923519355
3.0500000000000003 0.07913401641343859
3.1500000000000004 0.09607279265028203
3.25 0.14143321814828427
3.35 0.20650528770838614
3.45 0.30253047873380084
3.5500000000000003 0.4513818458871112
3.6500000000000004 0.6549362518344554
3.75 0.874143312443238
3.85 1.1118575089871852
3.95 1.3231676579381848
4.05 1.535860082364475
4.15 1.717210557894592
4.25 1.876763469817216
4.3500000000000005 2.034034963261695
4.45 2.2393223552498616
4.55 2.4150602392268574
4.65 2.6220360271169647
4.75 2.8515269505309915
4.8500000000000005 3.0659596611911426
4.95 3.2475535038347183
5.050000000000001 3.4072148528976713
5.15 3.458611051568133
5.25 3.5130101549334602
5.3500000000000005 3.5418443410747193
5.45 3.5482025551506133
5.550000000000001 3.5571609321408073
5.65 3.559025654757459
5.75 3.573557511098441
5.8500000000000005 3.578411490567477
5.95 3.5930970902692883
6.050000000000001 3.560166181650482
6.15 3.5789979520420303
6.25 3.5748813984773156
6.3500000000000005 3.5809048648746185
6.45 3.5960057366948672
6.550000000000001 3.610783828067217
6.65 3.6113256488073096
6.75 3.595850540373598
6.8500000000000005 3.5824008512353576
6.95 3.5752874792371414
7.050000000000001 3.5771672671541546
7.15 3.5708111708079513
7.25 3.5457982099413266
7.3500000000000005 3.5372039742299455
7.45 3.5344398134799544
7.550000000000001 3.4668593616643983
7.65 3.456043577835164
7.75 3.436321062923481
7.8500000000000005 3.4261313053139397
7.95 3.3984181868297787
8.05 3.3897798901868486
8.15 3.349445100815317
8.25 3.3548346519754264
8.35 3.3632432457080106
8.450000000000001 3.3285515464827897
8.55 3.3143988607784096
8.65 3.3181241167704587
8.75 3.2858524191380476
8.85 3.285797629354752
8.950000000000001 3.280578602448771
9.05 3.275039783223382
9.15 3.235218230678654
9.25 3.245693673021048
9.35 3.2272411696402807
9.450000000000001 3.2205684433104502
9.55 3.2026334108161225
9.65 3.1999775207102314
9.75 3.1882869916424115
9.850000000000001 3.1751308594966074
9.950000000000001 3.1773265024748376
10.05 3.1856959785156076
10.15 3.168693412754235
10.25 3.1971059473765506
10.350000000000001 3.2165046910082906
10.450000000000001 3.2003709833022613
10.55 3.2255702218328692
10.65 3.2591187185315307
10.75 3.29259960104651
10.850000000000001 3.3155609801953148
10.950000000000001 3.359477510323927
11.05 3.3874509759410447
11.15 3.426931732270359
11.25 3.4471931945335657
11.350000000000001 3.4547349970463883
11.450000000000001 3.4511577153335917
11.55 3.4535485407335447
11.65 3.4338192775889764
11.75 3.420629835051024
11.850000000000001 3.4080073804865463
11.950000000000001 3.4027675237448602
12.05 3.357642517061418
12.15 3.3348862664851904
12.25 3.2930095439520093
12.350000000000001 3.235056207675925
12.450000000000001 3.14143265422167
12.55 3.081883937982879
12.65 3.011144193965115
12.75 2.9265982860410915
12.850000000000001 2.857712950205488
12.950000000000001 2.799039290626079
13.05 2.729557124685471
13.15 2.6731465051148664
13.25 2.603608994392115
13.350000000000001 2.5420525828996485
13.450000000000001 2.4935929541987187
13.55 2.4429927601414447
13.65 2.3939479294438004
13.75 2.3437693406624076
13.850000000000001 2.2810142599270957
13.950000000000001 2.245549664980151
14.05 2.2005571481602884
14.15 2.1565041518347563
14.25 2.11947590484997
14.350000000000001 2.0845512884144553
14.450000000000001 2.0451215172176003
14.55 1.9952727071941792
14.65 1.9658710063692146
14.75 1.9230252405286032
14.850000000000001 1.8775595826511877
14.950000000000001 1.8523854326549833
15.05 1.8162055841600482
15.15 1.7739125632193753
15.25 1.7351854001883866
15.350000000000001 1.7009271236120282
15.450000000000001 1.6698773710598382
15.55 1.6409254191025573
15.65 1.6119447550018706
15.75 1.57527490230195
15.850000000000001 1.5495249642227993
15.950000000000001 1.5286350039536072
16.05 1.4893381825002807
16.150000000000002 1.4777842752355514
16.25 1.4437142747632274
16.35 1.4252292701895903
16.45 1.4110995572166634
16.55 1.3830200218429247
16.650000000000002 1.3619585684040518
16.75 1.3412497421127365
16.85 1.3110053845431786
16.95 1.2953600089862982
17.05 1.2706206353182574
17.150000000000002 1.2489649987851534
17.25 1.2290644673151154
17.35 1.210300217869534
17.45 1.1948066967024267
17.55 1.1738071003280028
17.650000000000002 1.1577981409366966
17.75 1.137774422944051
17.85 1.1278635971095443
17.95 1.1048974416358905
18.05 1.089236786321004
18.150000000000002 1.0767039000822833
18.25 1.056814486326464
18.35 1.0445837780220186
18.45 1.0292093599163046
18.55 1.0178420556197298
18.650000000000002 1.0044166904995933
18.75 0.9935798729168813
18.85 0.9810351222939161
18.95 0.9648841430517383
19.05 0.951913690012313
19.150000000000002 0.9452036694167636
19.25 0.9284810710536119
19.35 0.9157531867577074
19.450000000000003 0.9046429511356278
19.55 0.8919124733534982
19.650000000000002 0.8829908990353503
19.75 0.8723117288414893
19.85 0.8642692709303692
19.950000000000003 0.8485960720501834
20.05 0.8421502769478564
20.150000000000002 0.8335660144273292
20.25 0.8220552460226055
20.35 0.8132332033345697
20.450000000000003 0.8003321170690486
20.55 0.7929360597361356
20.650000000000002 0.7883947048639384
20.75 0.777796872488118
20.85 0.7718696085543428
20.950000000000003 0.7589410247934557
21.05 0.7524025254986035
21.150000000000002 0.7484332984990583
21.25 0.7397093294671615
21.35 0.7339239175850166
21.450000000000003 0.7259300019087287
21.55 0.7203357120333918
21.650000000000002 0.7111882441340456
21.75 0.7085673953868531
21.85 0.6993556033369202
21.950000000000003 0.6937132312512663
22.05 0.6893897477937666
22.150000000000002 0.6831405817456475
22.25 0.6780587873792728
22.35 0.6704341899539905
22.450000000000003 0.6655097553302349
22.55 0.6648431434275126
22.650000000000002 0.6559399762343437
22.75 0.6513220795567864
22.85 0.6507837530842935
22.950000000000003 0.6476946477514236
23.05 0.643132386038784
23.150000000000002 0.6371489451767998
23.25 0.6338029135624653
23.35 0.6297099154726431
23.450000000000003 0.627533576303569
23.55 0.6249735787523653
23.650000000000002 0.6253414331591092
23.75 0.6231432531762698
23.85 0.6180786808999326
23.950000000000003 0.6151355543792802
24.05 0.6152438867880471
24.150000000000002 0.613766975127209
24.25 0.6100657510274795
24.35 0.6094189645441175
24.450000000000003 0.6074855726317097
24.55 0.6080718155658211
24.650000000000002 0.6040514694577385
24.75 0.604765065058685
24.85 0.6060628046793244
24.950000000000003 0.6060098639620601
25.05 0.6044414756729318

