0.05 0.0
0.15000000000000002 0.0
0.25 0.0
0.35000000000000003 0.0
0.45 0.0
0.55 0.0
0.65 0.0
0.75 0.0
0.8500000000000001 0.0
0.9500000000000001 0.0
1.05 0.0
1.1500000000000001 0.0
1.25 0.0
1.35 0.0
1.4500000000000002 0.0
1.55 0.0
1.6500000000000001 0.0
1.75 0.0
1.85 0.0
1.9500000000000002 0.0
2.0500000000000003 0.0
2.15 0.0
2.25 0.0
2.35 0.0
2.45 0.0
2.5500000000000003 0.0
2.6500000000000004 0.0
2.75 0.0
2.85 0.0
2.95 0.0
3.0500000000000003 0.0
3.1500000000000004 0.004663483786096461
3.25 0.017494227101592194
3.35 0.13600272988351944
3.45 0.6332066892811036
3.5500000000000003 1.8417085447943573
3.6500000000000004 4.258540081233243
3.75 6.716958396157195
3.85 9.171270016854107
3.95 10.709957663992126
4.05 12.166725177067617
4.15 12.567732725263863
4.25 13.393647254178195
4.3500000000000005 14.231229614603423
4.45 14.453820612192324
4.55 14.946577813822609
4.65 15.686110354313193
4.75 15.90583541054425
4.8500000000000005 16.4628641756463
4.95 16.61453565512916
5.050000000000001 16.63206393835331
5.15 15.798514433766371
5.25 15.221431137142945
5.3500000000000005 14.63844978515921
5.45 14.235392937016858
5.550000000000001 13.602089369197696
5.65 13.333457341502228
5.75 13.282285455191078
5.8500000000000005 13.32776027565635
5.95 13.556567643926888
6.050000000000001 13.420391772816814
6.15 13.64328231169958
6.25 13.485301200386921
6.3500000000000005 13.170279952023673
6.45 12.917116878759188
6.550000000000001 13.109814804435324
6.65 12.816345295374422
6.75 12.642444862058017
6.8500000000000005 12.631769942729106
6.95 12.225614414092393
7.050000000000001 12.078677094543604
7.15 12.037300989985333
7.25 11.535773957886228
7.3500000000000005 11.148875962129651
7.45 11.005554943412335
7.550000000000001 10.932860013551164
7.65 10.715659369341338
7.75 10.79309784783111
7.8500000000000005 10.788364036852172
7.95 10.73501779589454
8.05 10.91980488140376
8.15 11.064107665304933
8.25 11.228255847828683
8.35 11.24995047882324
8.450000000000001 11.387034688011518
8.55 11.182831644213417
8.65 11.016755184240385
8.75 10.751100512210378
8.85 10.533460610120743
8.950000000000001 10.468845869261626
9.05 10.196343066589643
9.15 10.174624597056994
9.25 10.070784941053809
9.35 10.182878490429104
9.450000000000001 10.303691675784407
9.55 10.416452563940682
9.65 10.233810596353269
9.75 10.294309300852783
9.850000000000001 10.380798630277718
9.950000000000001 10.38589132822549
10.05 10.248143832616467
10.15 10.48460660710328
10.25 10.516299793931836
10.350000000000001 10.813906651774044
10.450000000000001 11.144925475785664
10.55 11.313306951492287
10.65 11.631930610224163
10.75 11.7692405736681
10.850000000000001 11.921038240047597
10.950000000000001 12.23436033223514
11.05 12.575417883039655
11.15 12.829541459016454
11.25 12.81442831221059
11.350000000000001 12.765364633016912
11.450000000000001 12.494174603389329
11.55 12.33137447613152
11.65 11.949357473103262
11.75 11.715766226092304
11.850000000000001 11.29668416125286
11.950000000000001 10.911763796964793
12.05 10.507154709951163
12.15 9.954692344592214
12.25 9.540697993788507
12.350000000000001 9.024636847266544
12.450000000000001 8.636458777600707
12.55 8.45417020165714
12.65 8.168795745696556
12.75 7.917008394841415
12.850000000000001 7.736311717709879
12.950000000000001 7.5830844372608945
13.05 7.4597247370376865
13.15 7.167942896417182
13.25 6.903104024564385
13.350000000000001 6.634643766432509
13.450000000000001 6.363028812863804
13.55 6.062897744628857
13.65 5.8597815469909165
13.75 5.691152529322316
13.850000000000001 5.638601317308454
13.950000000000001 5.520901601379867
14.05 5.4989565174239985
14.15 5.475611417749847
14.25 5.408759837010566
14.350000000000001 5.378695968914042
14.450000000000001 5.3725589184638185
14.55 5.312622665046392
14.65 5.218517193309277
14.75 5.162651934493937
14.850000000000001 4.964820601526394
14.950000000000001 4.837108568106591
15.05 4.667763437169274
15.15 4.5662270103561
15.25 4.36840207879086
15.350000000000001 4.293629444938734
15.450000000000001 4.2057065676446035
15.55 4.031712116067099
15.65 3.987545571082288
15.75 3.932502521930033
15.850000000000001 3.968448587913077
15.950000000000001 3.861339155687203
16.05 3.881195480688979
16.150000000000002 3.89343647580044
16.25 3.837856861291246
16.35 3.8608949463260562
16.45 3.7931354918587936
16.55 3.7706929979062607
16.650000000000002 3.7791287260044686
16.75 3.6396690478145546
16.85 3.580670963001896
16.95 3.4508719093024682
17.05 3.348582197529067
17.150000000000002 3.2281038236040884
17.25 3.224427631605765
17.35 3.1506161481873622
17.45 3.081803481346361
17.55 3.0615099777772308
17.650000000000002 3.042550241375279
17.75 2.9963383980064364
17.85 2.995288561447845
17.95 2.9841493603998637
18.05 2.9788401447617248
18.150000000000002 2.898969670087842
18.25 2.884435512130989
18.35 2.834325687346956
18.45 2.814675097054025
18.55 2.782120907626724
18.650000000000002 2.798729031103244
18.75 2.757042833540832
18.85 2.7466843985897436
18.95 2.6591364273571396
19.05 2.63162446091106
19.150000000000002 2.5692782705015658
19.25 2.525802833612596
19.35 2.461015291615931
19.450000000000003 2.411777812666589
19.55 2.3783497272672887
19.650000000000002 2.347461677295194
19.75 2.319535672998382
19.85 2.3172233500963837
19.950000000000003 2.3406423828827196
20.05 2.3303945951758194
20.150000000000002 2.2976875335806075
20.25 2.2836388258106846
20.35 2.2358231218003386
20.450000000000003 2.2399554333296345
20.55 2.1695832334906386
20.650000000000002 2.1304261699170466
20.75 2.127232094305957
20.85 2.127079532267495
20.950000000000003 2.1011368968676525
21.05 2.0609584254668576
21.150000000000002 2.059602797250758
21.25 2.0210946753493073
21.35 1.9987060383690203
21.450000000000003 2.0014920987854956
21.55 1.9087489239817428
21.650000000000002 1.9092812466046314
21.75 1.885557429072938
21.85 1.845493595225939
21.950000000000003 1.8196966941962764
22.05 1.8259589833359415
22.150000000000002 1.8242216284941875
22.25 1.7849759267750822
22.35 1.7946051412812905
22.450000000000003 1.7790780858902804
22.55 1.7727882667463233
22.650000000000002 1.7356098820347907
22.75 1.7394015673593226
22.85 1.6832591038555489
22.950000000000003 1.663212074900607
23.05 1.64757127189343
23.150000000000002 1.6304769942199013
23.25 1.6203830732195417
23.35 1.5771538111696035
23.450000000000003 1.5824671267389405
23.55 1.5551681622930416
23.650000000000002 1.5323437655955403
23.75 1.5281510817664579
23.85 1.511258535633516
23.950000000000003 1.497145733995078
24.05 1.4655996726377827
24.150000000000002 1.4421220919557458
24.25 1.4382027750718047
24.35 1.4210237829674037
24.450000000000003 1.3873884955505476
24.55 1.3800872124689558
24.650000000000002 1.3578458838128582
24.75 1.359833233504129
24.85 1.3557268880309277
24.950000000000003 1.3300831335332388
25.05 1.3352566638849397

