0.05 0.0
0.15000000000000002 0.0
0.25 0.0
0.35000000000000003 0.0
0.45 0.0
0.55 0.0
0.65 0.0
0.75 0.0
0.8500000000000001 0.0
0.9500000000000001 0.0
1.05 0.0
1.1500000000000001 0.0
1.25 0.0
1.35 0.0
1.4500000000000002 0.0
1.55 0.0
1.6500000000000001 0.0
1.75 0.0
1.85 0.0
1.9500000000000002 0.0
2.0500000000000003 0.0
2.15 0.0
2.25 0.0
2.35 0.0
2.45 0.0
2.5500000000000003 0.0
2.6500000000000004 0.0
2.75 0.0
2.85 0.0
2.95 0.0
3.0500000000000003 0.0
3.1500000000000004 0.055903906187884926
3.25 0.337020983366709
3.35 0.94738485885522
3.45 2.493774292921216
3.5500000000000003 4.733143191340322
3.6500000000000004 7.611564197814933
3.75 10.018618966235422
3.85 11.756807600748578
3.95 12.820357460776794
4.05 13.96491421788223
4.15 13.912767789573653
4.25 14.227998493127403
4.3500000000000005 14.580445309699538
4.45 14.542100806795794
4.55 14.533502090162617
4.65 14.545352129198276
4.75 15.08991774057703
4.8500000000000005 14.997319980428328
4.95 15.10497596435068
5.050000000000001 14.871171545626003
5.15 14.941309304977931
5.25 14.92948019795282
5.3500000000000005 14.377933794423576
5.45 14.392449234480186
5.550000000000001 14.304870728893277
5.65 13.901299984724638
5.75 13.955163922273261
5.8500000000000005 13.544465626473382
5.95 13.614925715347061
6.050000000000001 13.48066748396817
6.15 13.385502340742578
6.25 12.995298021314099
6.3500000000000005 12.93878590997295
6.45 12.808027709026826
6.550000000000001 12.343849951790855
6.65 12.538471580574148
6.75 12.504464877154781
6.8500000000000005 12.346226577792955
6.95 12.444794611587408
7.050000000000001 12.0277133166295
7.15 11.974773577890181
7.25 11.769079356148595
7.3500000000000005 11.652941457269984
7.45 11.50879626186787
7.550000000000001 11.206144133379325
7.65 11.062607378981296
7.75 10.991003510723433
7.8500000000000005 11.117135238198022
7.95 11.024677150460953
8.05 10.884759870985928
8.15 11.036759455234378
8.25 11.121472478331315
8.35 10.99678885127408
8.450000000000001 11.029818619293028
8.55 10.873730686922837
8.65 10.713231406572419
8.75 10.717554285256112
8.85 10.504545229511546
8.950000000000001 10.490452051805347
9.05 10.559112978175795
9.15 10.545798289895032
9.25 10.669834408277929
9.35 10.497494351265894
9.450000000000001 10.637822364355133
9.55 10.491689692814582
9.65 10.589231534845617
9.75 10.557972610124288
9.850000000000001 10.366535422300737
9.950000000000001 10.36384484993213
10.05 10.486058915701314
10.15 10.50715330330658
10.25 10.740106294484942
10.350000000000001 10.766607250480005
10.450000000000001 11.104703625808183
10.55 11.380809675597105
10.65 11.707222395570676
10.75 12.160726905340193
10.850000000000001 12.574857315978932
10.950000000000001 12.914810509154696
11.05 13.038221908918755
11.15 13.050532976443982
11.25 12.97038735307795
11.350000000000001 12.704357168407043
11.450000000000001 12.308875221532418
11.55 11.921253276322846
11.65 11.538887864287291
11.75 10.903661041534576
11.850000000000001 10.454789190625425
11.950000000000001 10.098207165854491
12.05 9.769701563734587
12.15 9.358065441384403
12.25 9.061428441389246
12.350000000000001 8.70664709186441
12.450000000000001 8.413979676780142
12.55 8.257752880866787
12.65 8.094236902777704
12.75 7.979432819773908
12.850000000000001 7.760088247646558
12.950000000000001 7.586627013620738
13.05 7.454705428578731
13.15 7.223005740569092
13.25 7.115626232761969
13.350000000000001 6.802625154127469
13.450000000000001 6.597494318247524
13.55 6.338893660445787
13.65 6.172634699059479
13.75 5.864802956293482
13.850000000000001 5.702619837071628
13.950000000000001 5.557947058030304
14.05 5.425803776244951
14.15 5.339792348586815
14.25 5.287309684755159
14.350000000000001 5.215000141671586
14.450000000000001 5.212068956020673
14.55 5.105565484193212
14.65 5.072498307164522
14.75 5.007854559104257
14.850000000000001 4.947451941511609
14.950000000000001 4.826892878178848
15.05 4.828327045654933
15.15 4.680328552673665
15.25 4.565795553519559
15.350000000000001 4.459721434621514
15.450000000000001 4.33676851369145
15.55 4.163958938800606
15.65 4.120017140508242
15.75 3.997779519629594
15.850000000000001 3.970494888028556
15.950000000000001 3.881591609013954
16.05 3.7798962934391183
16.150000000000002 3.695597093500722
16.25 3.7595120049425357
16.35 3.6978142660414313
16.45 3.6485902451016767
16.55 3.6597391846972513
16.650000000000002 3.6206215924369225
16.75 3.5408151206912644
16.85 3.5339791554045914
16.95 3.465669560358752
17.05 3.4278084881146613
17.150000000000002 3.3168192353676917
17.25 3.2591531466058865
17.35 3.2256337373658694
17.45 3.1472367147512466
17.55 3.102236121369531
17.650000000000002 3.082688800227683
17.75 3.010004620996503
17.85 2.950497872246847
17.95 2.900461027950181
18.05 2.8834884540418475
18.150000000000002 2.7956387340680173
18.25 2.7541240837863423
18.35 2.744518838812943
18.45 2.706139393041145
18.55 2.7007059071227286
18.650000000000002 2.701533994549386
18.75 2.668772630759761
18.85 2.6349063378460427
18.95 2.5899118763934683
19.05 2.5458660296693774
19.150000000000002 2.5045401207884432
19.25 2.488424376517953
19.35 2.4232832819596726
19.450000000000003 2.384822068903346
19.55 2.3614723410786755
19.650000000000002 2.3497267813071003
19.75 2.2616528360688526
19.85 2.2559682057436183
19.950000000000003 2.2350920057374717
20.05 2.204863603567686
20.150000000000002 2.155018404154252
20.25 2.144363207827004
20.35 2.086179318881639
20.450000000000003 2.0740878202780206
20.55 2.0442240027572303
20.650000000000002 2.038365256008016
20.75 2.0084800046260343
20.85 1.9634097877112384
20.950000000000003 1.9663385219322778
21.05 1.9447192622480929
21.150000000000002 1.8983765853160766
21.25 1.891302948404954
21.35 1.886770111795695
21.450000000000003 1.8246032862117987
21.55 1.7910180348724625
21.650000000000002 1.792328405221281
21.75 1.7574186771918006
21.85 1.7534551884004532
21.950000000000003 1.7173043050811732
22.05 1.663531443484503
22.150000000000002 1.6668230605708139
22.25 1.6414979801778773
22.35 1.6214766170673465
22.450000000000003 1.5833765720857849
22.55 1.576211171970465
22.650000000000002 1.5666910298895838
22.75 1.5503207526236176
22.85 1.5154228469876838
22.950000000000003 1.525308801213195
23.05 1.4912418008510722
23.150000000000002 1.4515361540966063
23.25 1.4467852380036574
23.35 1.4230827338001384
23.450000000000003 1.4107813985826625
23.55 1.398918273570994
23.650000000000002 1.3940084265813977
23.75 1.3621431710210976
23.85 1.350530554834353
23.950000000000003 1.3208338206075072
24.05 1.3254371360473944
24.150000000000002 1.3055934516173329
24.25 1.2836815389823475
24.35 1.254359411373303
24.450000000000003 1.244146718054592
24.55 1.2248328437020082
24.650000000000002 1.2016495971334242
24.75 1.2011542390054095
24.85 1.1890455465031378
24.950000000000003 1.1804787554111669
25.05 1.175632617852653

