0.05 0.0
0.15000000000000002 0.0
0.25 0.0
0.35000000000000003 0.0
0.45 0.0
0.55 0.0
0.65 0.0
0.75 0.0
0.8500000000000001 0.0
0.9500000000000001 0.0
1.05 0.0
1.1500000000000001 0.0
1.25 0.0
1.35 0.0
1.4500000000000002 0.0
1.55 0.0
1.6500000000000001 0.0
1.75 0.0
1.85 0.0
1.9500000000000002 0.0
2.0500000000000003 0.0
2.15 0.0
2.25 0.0
2.35 0.0
2.45 0.0
2.5500000000000003 0.0
2.6500000000000004 0.0
2.75 0.0
2.85 0.0
2.95 0.0
3.0500000000000003 0.0
3.1500000000000004 0.01395692012050014
3.25 0.07007024034579354
3.35 0.3875027803193459
3.45 1.2003621027224243
3.5500000000000003 3.048841805500801
3.6500000000000004 6.129294636873236
3.75 9.19388764428692
3.85 12.453553843485881
3.95 14.194879561745019
4.05 15.19161491345365
4.15 15.504133926105828
4.25 15.313446463691683
4.3500000000000005 15.39708809811985
4.45 15.45353465681382
4.55 15.406794072735298
4.65 15.454791199083726
4.75 15.606168304488424
4.8500000000000005 15.785520478709397
4.95 16.28657243468584
5.050000000000001 16.22083685465188
5.15 15.786772852598247
5.25 15.535123438879264
5.3500000000000005 15.035301499474482
5.45 14.775187119501629
5.550000000000001 14.42460509396005
5.65 13.908907173587162
5.75 14.041643256930902
5.8500000000000005 13.678127015597536
5.95 13.72474221635406
6.050000000000001 13.722483213824498
6.15 13.28921569976929
6.25 13.24508178807747
6.3500000000000005 13.056905346289126
6.45 12.857626644717554
6.550000000000001 12.694489625961301
6.65 12.466883780076913
6.75 12.445209412460839
6.8500000000000005 12.498936379146503
6.95 12.660641420381097
7.050000000000001 12.357948546050265
7.15 12.282516477741014
7.25 11.932836318593418
7.3500000000000005 11.691333915467721
7.45 11.486551462745355
7.550000000000001 11.236024874230653
7.65 10.912634879285255
7.75 11.11324304473798
7.8500000000000005 10.920400024285499
7.95 10.889517466560932
8.05 10.968142782863902
8.15 11.132215596216898
8.25 11.155383812450088
8.35 11.177779666074754
8.450000000000001 11.192193472638925
8.55 10.942601473653914
8.65 10.819437427293268
8.75 10.796808788660318
8.85 10.70195669693872
8.950000000000001 10.628739158611346
9.05 10.589814334970805
9.15 10.646219591436955
9.25 10.630604477874293
9.35 10.76716650321518
9.450000000000001 10.657328939408078
9.55 10.665128782779677
9.65 10.658295332184881
9.75 10.483055963723483
9.850000000000001 10.411003042742351
9.950000000000001 10.43106032045974
10.05 10.42575422526713
10.15 10.552015784082073
10.25 10.575341333354686
10.350000000000001 10.829629958053332
10.450000000000001 11.157363719878703
10.55 11.453469185054704
10.65 11.82552962274081
10.75 12.158716426211065
10.850000000000001 12.593258980181034
10.950000000000001 13.014218983949823
11.05 13.428472572016796
11.15 13.66710717064595
11.25 13.550771748636521
11.350000000000001 13.39139073858206
11.450000000000001 12.73800499191175
11.55 12.374763956309087
11.65 11.781323808220957
11.75 11.185985079139384
11.850000000000001 10.700999018629222
11.950000000000001 10.186199014620827
12.05 9.753690220325591
12.15 9.341423389850867
12.25 8.953755513424445
12.350000000000001 8.551197917001748
12.450000000000001 8.337400616708942
12.55 8.056110014587889
12.65 7.850077502401538
12.75 7.770110224925067
12.850000000000001 7.6568002968844535
12.950000000000001 7.563562705381185
13.05 7.370485969018313
13.15 7.17076036809439
13.25 7.095692465635912
13.350000000000001 6.810425193616073
13.450000000000001 6.555989072875837
13.55 6.249852438125154
13.65 5.940901613406759
13.75 5.703455183182451
13.850000000000001 5.555536866277187
13.950000000000001 5.376106833772564
14.05 5.275406512948544
14.15 5.228944438641167
14.25 5.119218307632119
14.350000000000001 5.142275608733088
14.450000000000001 5.1262618381512075
14.55 5.063890669386628
14.65 5.080709586565053
14.75 5.024843670836375
14.850000000000001 4.952468452650947
14.950000000000001 4.858736992986153
15.05 4.852124047758018
15.15 4.739066255343179
15.25 4.554753084719449
15.350000000000001 4.427913712349086
15.450000000000001 4.34001255227622
15.55 4.174710150270243
15.65 4.078114300642124
15.75 3.919555308159055
15.850000000000001 3.8963957351736735
15.950000000000001 3.743113487430771
16.05 3.754854150485966
16.150000000000002 3.6872356575150103
16.25 3.7205100209483652
16.35 3.6864650523205578
16.45 3.6664406301740793
16.55 3.655056492663049
16.650000000000002 3.6149686851674825
16.75 3.5892543539026036
16.85 3.5849671059622565
16.95 3.522726285434333
17.05 3.428372966209419
17.150000000000002 3.3523713901028875
17.25 3.270614802634607
17.35 3.2469745805322066
17.45 3.184761723575369
17.55 3.116492403056587
17.650000000000002 3.1052616225561427
17.75 3.037863219354208
17.85 2.9721048242513244
17.95 2.8447735168628876
18.05 2.8566342065509587
18.150000000000002 2.8535607776374343
18.25 2.7415604197618673
18.35 2.7825384769140364
18.45 2.7511973177703224
18.55 2.7306814228727974
18.650000000000002 2.7674246194304306
18.75 2.6903446950885646
18.85 2.7132256201832057
18.95 2.6416876712181443
19.05 2.5849383676105218
19.150000000000002 2.5717180728005586
19.25 2.5458834812993816
19.35 2.4839291257459997
19.450000000000003 2.4661783175713925
19.55 2.4344988951603934
19.650000000000002 2.3848801138459774
19.75 2.3206080887297933
19.85 2.317658125428624
19.950000000000003 2.2758942627320184
20.05 2.2471840800789837
20.150000000000002 2.2271063364289074
20.25 2.1913648921994624
20.35 2.1578587853922038
20.450000000000003 2.1698869828542238
20.55 2.1227622742927825
20.650000000000002 2.1056005424935695
20.75 2.09918841891873
20.85 2.060318945464883
20.950000000000003 2.0273772095085003
21.05 2.0401687590853235
21.150000000000002 2.001941509274369
21.25 1.991745249554705
21.35 1.9686947548920866
21.450000000000003 1.9187330922977839
21.55 1.9165961484873635
21.650000000000002 1.8933438693411726
21.75 1.859402957821998
21.85 1.8144011374869615
21.950000000000003 1.7980701616054295
22.05 1.7592890034165436
22.150000000000002 1.7269428764474564
22.25 1.7421831850298048
22.35 1.6946959585933665
22.450000000000003 1.6945067074628382
22.55 1.6735883470748834
22.650000000000002 1.664478195567296
22.75 1.6400875597371
22.85 1.6200734261652576
22.950000000000003 1.5982751932370909
23.05 1.5793067656326207
23.150000000000002 1.55999548413318
23.25 1.5195018538179457
23.35 1.5315462308474102
23.450000000000003 1.4927149381063605
23.55 1.500580463153302
23.650000000000002 1.4880960773412202
23.75 1.4437552431904284
23.85 1.4399294005973886
23.950000000000003 1.427638141828376
24.05 1.3944183043438794
24.150000000000002 1.3763721308512602
24.25 1.3585427866888982
24.35 1.3425739876702816
24.450000000000003 1.3146939600886756
24.55 1.2911715709728933
24.650000000000002 1.2866412516665096
24.75 1.27132854234324
24.85 1.270879372775818
24.950000000000003 1.2581261187520896
25.05 1.2416711405649894

