0.05 0.0
0.15000000000000002 0.0
0.25 0.0
0.35000000000000003 0.0
0.45 0.0
0.55 0.0
0.65 0.0
0.75 0.0
0.8500000000000001 0.0
0.9500000000000001 0.0
1.05 0.0
1.1500000000000001 0.0
1.25 0.0
1.35 0.0
1.4500000000000002 0.0
1.55 0.0
1.6500000000000001 0.0
1.75 0.0
1.85 0.0
1.9500000000000002 0.0
2.0500000000000003 0.0
2.15 0.0
2.25 0.0
2.35 0.0
2.45 0.0
2.5500000000000003 0.0
2.6500000000000004 0.0
2.75 0.0
2.85 0.0
2.95 0.0
3.0500000000000003 0.0
3.1500000000000004 0.0
3.25 0.07005116729334025
3.35 0.4079128054173945
3.45 1.5071318767923185
3.5500000000000003 3.871111171219221
3.6500000000000004 7.445121430589839
3.75 11.0674988557648
3.85 14.128501080677939
3.95 16.041593665750483
4.05 16.617907590346984
4.15 16.28858167820408
4.25 16.1182479824694
4.3500000000000005 15.837131633873419
4.45 15.936515992923164
4.55 15.773127651773471
4.65 16.09026209511523
4.75 16.37513451680094
4.8500000000000005 16.22894280327023
4.95 16.550648618682086
5.050000000000001 16.41760453948529
5.15 16.114341167681516
5.25 15.634606445139942
5.3500000000000005 15.287788442595822
5.45 15.046358290581455
5.550000000000001 14.35099574362044
5.65 13.906206465382047
5.75 14.07922011385279
5.8500000000000005 13.899377805705644
5.95 13.650556746274262
6.050000000000001 13.76000143441406
6.15 13.262470363057322
6.25 13.2907748797733
6.3500000000000005 13.37623237828648
6.45 12.944443709396053
6.550000000000001 12.777364971663086
6.65 12.650155798559185
6.75 12.611471280418785
6.8500000000000005 12.473308744329312
6.95 12.75036766459607
7.050000000000001 12.54400956461142
7.15 12.423915071636639
7.25 12.168465376785562
7.3500000000000005 11.996135679450129
7.45 11.551267575789725
7.550000000000001 11.084982629946712
7.65 10.89137517502846
7.75 10.798657313069516
7.8500000000000005 10.92505512713632
7.95 10.958924193459936
8.05 11.119275770562774
8.15 11.192328739831552
8.25 11.313333704723755
8.35 11.335128470200905
8.450000000000001 11.388682183963898
8.55 11.302544603178363
8.65 11.013353824502916
8.75 10.81507770623005
8.85 10.637214139476061
8.950000000000001 10.689292867953187
9.05 10.677140130404029
9.15 10.917469116954425
9.25 10.780282941963119
9.35 10.798251479235764
9.450000000000001 10.940201872381785
9.55 10.849809414383234
9.65 10.701767070591606
9.75 10.648268416127978
9.850000000000001 10.466144226935315
9.950000000000001 10.419014265397767
10.05 10.307519337996002
10.15 10.535225276734177
10.25 10.81335005600308
10.350000000000001 11.074724361020111
10.450000000000001 11.504962046783954
10.55 11.772017015002492
10.65 12.106199618501522
10.75 12.631410832419764
10.850000000000001 12.881307804179416
10.950000000000001 13.377266802224097
11.05 13.839949922321562
11.15 13.995556653886004
11.25 13.868374990570006
11.350000000000001 13.382044171543946
11.450000000000001 12.960331116188122
11.55 12.18601148997769
11.65 11.664069174338803
11.75 11.044911832711552
11.850000000000001 10.591218627762247
11.950000000000001 9.989139459661542
12.05 9.51360762920369
12.15 9.060112076947387
12.25 8.576296497800588
12.350000000000001 8.402761756052431
12.450000000000001 8.070163137849976
12.55 7.88312292643963
12.65 7.693095206646817
12.75 7.750384687168601
12.850000000000001 7.632399004883409
12.950000000000001 7.5593945042138975
13.05 7.4554628303731985
13.15 7.167791031006769
13.25 6.935932647705043
13.350000000000001 6.755369160637378
13.450000000000001 6.437687181439289
13.55 6.189606810857837
13.65 5.884801846444794
13.75 5.697537532473178
13.850000000000001 5.384622865449811
13.950000000000001 5.231790201522936
14.05 5.161842897579207
14.15 5.1453565532570344
14.25 5.1318143478926554
14.350000000000001 5.054576608014939
14.450000000000001 5.099545598682788
14.55 5.052609347304914
14.65 5.026122287931819
14.75 5.024911738927137
14.850000000000001 4.993509477240451
14.950000000000001 4.947912380516679
15.05 4.827975527927034
15.15 4.708736248754951
15.25 4.578788730828343
15.350000000000001 4.493259064181401
15.450000000000001 4.327336670459343
15.55 4.118711935644667
15.65 3.9907109036831563
15.75 3.8095397660989674
15.850000000000001 3.791138261078131
15.950000000000001 3.739832298839941
16.05 3.700014689950011
16.150000000000002 3.6908619948650383
16.25 3.6667573091996246
16.35 3.6602568316476396
16.45 3.629540033446141
16.55 3.6827405504495556
16.650000000000002 3.6334316980039674
16.75 3.605843347023461
16.85 3.568003788597481
16.95 3.463000292987509
17.05 3.457784896546825
17.150000000000002 3.34758429870398
17.25 3.2588819748496367
17.35 3.2431109062817143
17.45 3.1640199797041206
17.55 3.0909715407123337
17.650000000000002 3.049402063412892
17.75 3.0216426689519453
17.85 2.9222752312142535
17.95 2.863067501002469
18.05 2.85164398087733
18.150000000000002 2.7507115335902945
18.25 2.7444836679842353
18.35 2.6917602236261686
18.45 2.7044788136635023
18.55 2.7166803522298335
18.650000000000002 2.745080704577965
18.75 2.725748072652756
18.85 2.691054000517159
18.95 2.681117759068271
19.05 2.6267599137619455
19.150000000000002 2.5630383615372385
19.25 2.4801381142786227
19.35 2.461147968204865
19.450000000000003 2.391984690881709
19.55 2.3803990630383436
19.650000000000002 2.353146305277245
19.75 2.337296247826776
19.85 2.2972689604788163
19.950000000000003 2.2715766062533205
20.05 2.253082888067132
20.150000000000002 2.208192874805649
20.25 2.158232181174711
20.35 2.1004768865162737
20.450000000000003 2.1062324124533127
20.55 2.0955730408047177
20.650000000000002 2.0729148167219598
20.75 2.0720089679378093
20.85 2.037541979204817
20.950000000000003 2.0506854733630826
21.05 2.032865384667898
21.150000000000002 2.002107471164674
21.25 1.9628579996463351
21.35 1.947286242309607
21.450000000000003 1.8953623922512366
21.55 1.9068626159082334
21.650000000000002 1.8469381963962332
21.75 1.8350160135667246
21.85 1.794665535455364
21.950000000000003 1.7896460191217831
22.05 1.7563174838089128
22.150000000000002 1.7395180777671848
22.25 1.702603078060273
22.35 1.6888772556881912
22.450000000000003 1.6845900517249404
22.55 1.668483945934335
22.650000000000002 1.6423816943291105
22.75 1.654856202133107
22.85 1.6266420802154187
22.950000000000003 1.5869493196587665
23.05 1.5840032418031755
23.150000000000002 1.561023177730972
23.25 1.530864720070854
23.35 1.5207729771423717
23.450000000000003 1.5185310390994464
23.55 1.4855684249244536
23.650000000000002 1.4919230948525382
23.75 1.4763027953111179
23.85 1.4812303901838697
23.950000000000003 1.4390631615749927
24.05 1.4279246881159025
24.150000000000002 1.3967856552231284
24.25 1.354995332537286
24.35 1.3650226739414797
24.450000000000003 1.3250887088924865
24.55 1.3086359048904186
24.650000000000002 1.300688149475201
24.75 1.2944752976136658
24.85 1.3177728703085922
24.950000000000003 1.2999111048153493
25.05 1.300565191462717

