0.05 0.0
0.15000000000000002 0.0
0.25 0.0
0.35000000000000003 0.0
0.45 0.0
0.55 0.0
0.65 0.0
0.75 0.0
0.8500000000000001 0.0
0.9500000000000001 0.0
1.05 0.0
1.1500000000000001 0.0
1.25 0.0
1.35 0.0
1.4500000000000002 0.0
1.55 0.0
1.6500000000000001 0.0
1.75 0.0
1.85 0.0
1.9500000000000002 0.0
2.0500000000000003 0.0
2.15 0.0
2.25 0.0
2.35 0.0
2.45 0.0
2.5500000000000003 0.0
2.6500000000000004 0.0
2.75 0.0
2.85 0.0
2.95 0.0
3.0500000000000003 0.0009414946874464103
3.1500000000000004 0.009689958407965205
3.25 0.038881710426891855
3.35 0.2016810622153128
3.45 0.5903218623145922
3.5500000000000003 1.5206520193259292
3.6500000000000004 2.972641537912975
3.75 4.414566858283952
3.85 5.691068903967574
3.95 6.577948927430132
4.05 6.897083751106295
4.15 7.204696887495366
4.25 7.262720290917036
4.3500000000000005 7.291473977716847
4.45 7.451879949114728
4.55 7.569405961214069
4.65 7.680822792345577
4.75 7.93548471694506
4.8500000000000005 8.14302303083084
4.95 8.219828811249142
5.050000000000001 8.146865886116467
5.15 7.999844509437014
5.25 7.8851983816558135
5.3500000000000005 7.687084833802879
5.45 7.457760653606418
5.550000000000001 7.342018420121291
5.65 7.349451290529971
5.75 7.243254156953488
5.8500000000000005 7.205257646432342
5.95 7.142950638168197
6.050000000000001 7.131447006979417
6.15 7.041052771802617
6.25 6.933237984901497
6.3500000000000005 6.928283445757255
6.45 6.697072971892779
6.550000000000001 6.612814020026665
6.65 6.58417034983658
6.75 6.5875565624023995
6.8500000000000005 6.523267119147014
6.95 6.43676464932044
7.050000000000001 6.3420596042824835
7.15 6.310250872771757
7.25 6.2604161061909265
7.3500000000000005 6.131641324274345
7.45 5.997894464110508
7.550000000000001 5.818066893762047
7.65 5.770407563151762
7.75 5.744570852089851
7.8500000000000005 5.652437747508875
7.95 5.715785979181185
8.05 5.797373802822349
8.15 5.834913498831587
8.25 5.823574816298968
8.35 5.864017313513007
8.450000000000001 5.844392096013135
8.55 5.757297113341947
8.65 5.697219345167453
8.75 5.607289371566393
8.85 5.467387021960839
8.950000000000001 5.484398859219109
9.05 5.440911608188176
9.15 5.460112509641261
9.25 5.51086042002867
9.35 5.491974926132928
9.450000000000001 5.5360351539459565
9.55 5.549085265254157
9.65 5.482337495490988
9.75 5.510240587507911
9.850000000000001 5.413034184664191
9.950000000000001 5.388793472503612
10.05 5.364191295813791
10.15 5.398300873029424
10.25 5.5142573515853
10.350000000000001 5.642117529805207
10.450000000000001 5.743526059981869
10.55 5.927974479006636
10.65 6.051104270183881
10.75 6.200876451929308
10.850000000000001 6.3791672013816205
10.950000000000001 6.568440780585472
11.05 6.757398798957055
11.15 6.824355028045172
11.25 6.817063333806367
11.350000000000001 6.720534924651636
11.450000000000001 6.525508422614333
11.55 6.2965765217591345
11.65 6.05954191256269
11.75 5.85295069986761
11.850000000000001 5.625394311892747
11.950000000000001 5.43890152000363
12.05 5.192716467393836
12.15 4.995445612933943
12.25 4.81934951319067
12.350000000000001 4.589952489656243
12.450000000000001 4.429824938248647
12.55 4.307120195133847
12.65 4.181593907695304
12.75 4.14274649533926
12.850000000000001 4.02565094284849
12.950000000000001 3.9638649811328053
13.05 3.8416579498481753
13.15 3.7355056444142547
13.25 3.621579189212647
13.350000000000001 3.4852285294220757
13.450000000000001 3.373703772034563
13.55 3.2529420615543096
13.65 3.1113724285835227
13.75 2.966360633920203
13.850000000000001 2.8766201479536506
13.950000000000001 2.8182861919606768
14.05 2.7493847272276324
14.15 2.7108418097803826
14.25 2.674299700600322
14.350000000000001 2.635374702498042
14.450000000000001 2.6189041544435216
14.55 2.583995725843211
14.65 2.5552488758686684
14.75 2.514316417050101
14.850000000000001 2.4578471731835028
14.950000000000001 2.4414500617400945
15.05 2.375333830480962
15.15 2.314355637651472
15.25 2.264194950039167
15.350000000000001 2.1742655408449543
15.450000000000001 2.1113790901307277
15.55 2.060085463071816
15.65 2.000533259291585
15.75 1.9631294466642937
15.850000000000001 1.9154447664326304
15.950000000000001 1.858458330152042
16.05 1.8357394512110952
16.150000000000002 1.8155408478448891
16.25 1.8097583624873526
16.35 1.794094216156643
16.45 1.7595429742823716
16.55 1.753295616937849
16.650000000000002 1.7325747702720844
16.75 1.7065406600939896
16.85 1.6688855684005999
16.95 1.633666554215777
17.05 1.5965387904762791
17.150000000000002 1.5606270111580904
17.25 1.5385310558873526
17.35 1.5049312882114045
17.45 1.474463543788762
17.55 1.4585029741934348
17.650000000000002 1.4263731674685651
17.75 1.3958720892035945
17.85 1.364965564018114
17.95 1.3508787392166646
18.05 1.3082763470402878
18.150000000000002 1.2918026499106903
18.25 1.2813751045307746
18.35 1.2525971501581992
18.45 1.2415429156272282
18.55 1.2442679346378533
18.650000000000002 1.2351873197322654
18.75 1.2075742949705714
18.85 1.1940568237343279
18.95 1.1833832264303923
19.05 1.1592359379248673
19.150000000000002 1.1450731722791532
19.25 1.1088989300717604
19.35 1.0889251788504284
19.450000000000003 1.0779759786948593
19.55 1.053249278298667
19.650000000000002 1.044308562563156
19.75 1.037923790344968
19.85 1.016327366900173
19.950000000000003 1.0058580444132503
20.05 0.9898068965253564
20.150000000000002 0.9642161564517963
20.25 0.9560674066884225
20.35 0.945407493505342
20.450000000000003 0.9256611410617503
20.55 0.9239667161030732
20.650000000000002 0.9143172772318264
20.75 0.8988004971517614
20.85 0.8923484419627581
20.950000000000003 0.8807287727748062
21.05 0.8767790401139726
21.150000000000002 0.8696597651132469
21.25 0.8511867963204991
21.35 0.837153851611817
21.450000000000003 0.8278843750806637
21.55 0.816067795814321
21.650000000000002 0.8076480086142261
21.75 0.7973909201963116
21.85 0.7806398774766403
21.950000000000003 0.7775765678601528
22.05 0.763960764802203
22.150000000000002 0.7590223317472964
22.25 0.7466385710314776
22.35 0.741089736222997
22.450000000000003 0.7331077984703974
22.55 0.7181673209629931
22.650000000000002 0.715238366489309
22.75 0.7154127773562936
22.85 0.7049020511032721
22.950000000000003 0.6962418275220456
23.05 0.6842761635009091
23.150000000000002 0.6812546461132989
23.25 0.6790825581785471
23.35 0.6618419581345399
23.450000000000003 0.656533647108824
23.55 0.648790001966467
23.650000000000002 0.6537123885740099
23.75 0.646539961876443
23.85 0.6370974556122606
23.950000000000003 0.6289122627627293
24.05 0.6275850092641431
24.150000000000002 0.6174830742847683
24.25 0.6058396742330973
24.35 0.5979791958820715
24.450000000000003 0.5936277742232996
24.55 0.5924464854079619
24.650000000000002 0.5869183349924323
24.75 0.5875496047192864
24.85 0.5810080581333853
24.950000000000003 0.5805513916234719
25.05 0.5791966401865635

