0.05 0.0
0.15000000000000002 0.0
0.25 0.0
0.35000000000000003 0.0
0.45 0.0
0.55 0.0
0.65 0.0
0.75 0.0
0.8500000000000001 0.0
0.9500000000000001 0.0
1.05 0.0
1.1500000000000001 0.0
1.25 0.0
1.35 0.0
1.4500000000000002 0.0
1.55 0.0
1.6500000000000001 0.0
1.75 0.0
1.85 0.0
1.9500000000000002 0.0
2.0500000000000003 0.0
2.15 0.0
2.25 0.0
2.35 0.0
2.45 0.0
2.5500000000000003 0.0
2.6500000000000004 0.0
2.75 0.0
2.85 0.0
2.95 0.0
3.0500000000000003 0.0
3.1500000000000004 0.004399453293959318
3.25 0.03473424954609317
3.35 0.14876758563280712
3.45 0.45004481555656645
3.5500000000000003 1.126048642616066
3.6500000000000004 2.27722298849338
3.75 3.6245776483419596
3.85 4.731238724218612
3.95 5.745284518094549
4.05 6.216360834927225
4.15 6.5556895904919825
4.25 6.80908857354061
4.3500000000000005 7.152782746236646
4.45 7.539152663916636
4.55 7.820273843613264
4.65 8.021694538058913
4.75 8.296938858893457
4.8500000000000005 8.459587247103354
4.95 8.638873134134737
5.050000000000001 8.486626163740633
5.15 8.331678327321344
5.25 7.94476239529642
5.3500000000000005 7.6379432702170815
5.45 7.409543288729384
5.550000000000001 7.069504112135734
5.65 7.0996624362065575
5.75 7.159268664172124
5.8500000000000005 7.094893398581561
5.95 7.13726771393608
6.050000000000001 7.183581910155509
6.15 7.206863535824586
6.25 7.140911319166018
6.3500000000000005 6.940831949144801
6.45 6.9287402167977685
6.550000000000001 6.870931252829998
6.65 6.675454915835776
6.75 6.655733132942869
6.8500000000000005 6.578328772969403
6.95 6.466590257302801
7.050000000000001 6.366743723641801
7.15 6.211401725059152
7.25 6.14810870387877
7.3500000000000005 5.944883288020014
7.45 5.855047602107234
7.550000000000001 5.744423303954535
7.65 5.677194882729568
7.75 5.62444315097479
7.8500000000000005 5.653032046198116
7.95 5.737086509159182
8.05 5.8043392740318405
8.15 5.845759066903603
8.25 5.91692628121736
8.35 5.959237793951254
8.450000000000001 5.963206432746137
8.55 5.931657217854035
8.65 5.78405943729251
8.75 5.659936035998994
8.85 5.573051405627925
8.950000000000001 5.4497602557074725
9.05 5.353309360040003
9.15 5.399818577237889
9.25 5.331308085511329
9.35 5.3721264326938645
9.450000000000001 5.389262571026195
9.55 5.388984962013935
9.65 5.528309976105677
9.75 5.44412907086156
9.850000000000001 5.450192599901143
9.950000000000001 5.459020226989194
10.05 5.410853986764611
10.15 5.450116877610475
10.25 5.556658132888671
10.350000000000001 5.675780672497713
10.450000000000001 5.79010156244797
10.55 5.940031717569478
10.65 6.031318289342727
10.75 6.179093421293492
10.850000000000001 6.298330169403156
10.950000000000001 6.3828393905622915
11.05 6.523813872963464
11.15 6.636113125313302
11.25 6.669424701728953
11.350000000000001 6.634977734435519
11.450000000000001 6.541997545823167
11.55 6.40175525723737
11.65 6.253181236612469
11.75 6.094907663386944
11.850000000000001 5.891773233839745
11.950000000000001 5.690991468884421
12.05 5.433085681660587
12.15 5.233029994539761
12.25 4.9713455749263264
12.350000000000001 4.724953863207625
12.450000000000001 4.542814471201587
12.55 4.397830331990365
12.65 4.2417659594848836
12.75 4.136541634653988
12.850000000000001 4.03487130059382
12.950000000000001 3.934687068379996
13.05 3.836175465962921
13.15 3.696690939287174
13.25 3.553794568411682
13.350000000000001 3.405879825362046
13.450000000000001 3.29212934189491
13.55 3.1438864464843435
13.65 3.0382911700080735
13.75 2.9233288493094176
13.850000000000001 2.8845024005428357
13.950000000000001 2.8131353740734917
14.05 2.784042731916169
14.15 2.7653753930760168
14.25 2.739560911285042
14.350000000000001 2.694379737117863
14.450000000000001 2.6824189699160486
14.55 2.6383212794955337
14.65 2.596783186689603
14.75 2.5391637615479423
14.850000000000001 2.4653430849846676
14.950000000000001 2.3842847395231517
15.05 2.314580520646479
15.15 2.2540634243526134
15.25 2.1684096773092434
15.350000000000001 2.1118610064674757
15.450000000000001 2.052519195557044
15.55 1.983447555158179
15.65 1.9460728492721233
15.75 1.9351087345427902
15.850000000000001 1.9150297557273217
15.950000000000001 1.8759837455344206
16.05 1.8650181513300454
16.150000000000002 1.854792947729366
16.25 1.8471486857500288
16.35 1.817074812627834
16.45 1.7995585212718017
16.55 1.782216651255808
16.650000000000002 1.745047201341976
16.75 1.7068817302868415
16.85 1.65644169364452
16.95 1.6130516259557937
17.05 1.5700287838036642
17.150000000000002 1.5301807837278465
17.25 1.4876522760858433
17.35 1.4608084840586861
17.45 1.430379246680412
17.55 1.415282392605424
17.650000000000002 1.3982109133766183
17.75 1.3797420701982726
17.85 1.3678998685149408
17.95 1.3399054461984385
18.05 1.3369836954973116
18.150000000000002 1.3238612136230834
18.25 1.2854440329897021
18.35 1.2699631800253588
18.45 1.2633060800695521
18.55 1.253837988329254
18.650000000000002 1.2292297814752569
18.75 1.218110771647003
18.85 1.1895134715130864
18.95 1.18197623463328
19.05 1.1543867814168212
19.150000000000002 1.119129915566148
19.25 1.1043029411274148
19.35 1.069621664898146
19.450000000000003 1.0525928453678193
19.55 1.0285594737028763
19.650000000000002 1.0245501163927235
19.75 1.014032608258418
19.85 1.0133665588336271
19.950000000000003 0.9943309214384062
20.05 1.0003469038551904
20.150000000000002 0.9753974070976523
20.25 0.9665614364348242
20.35 0.9521416661977122
20.450000000000003 0.9402360849858049
20.55 0.9258558324375796
20.650000000000002 0.9119307090881363
20.75 0.8950775628154304
20.85 0.9004560590198294
20.950000000000003 0.8866091397450412
21.05 0.8729215760175122
21.150000000000002 0.8591132350207058
21.25 0.8502560083767265
21.35 0.8365894017338695
21.450000000000003 0.8248839381407878
21.55 0.8080631126101063
21.650000000000002 0.7971752873026694
21.75 0.7892126943734794
21.85 0.7765114250834952
21.950000000000003 0.7737270029869429
22.05 0.766583759136294
22.150000000000002 0.7628773619945513
22.25 0.7579413264169188
22.35 0.7473663347180407
22.450000000000003 0.7415869587171372
22.55 0.7335793129972465
22.650000000000002 0.7320159289016206
22.75 0.7201106437103696
22.85 0.7132819753179924
22.950000000000003 0.7029064109468462
23.05 0.6950672228804421
23.150000000000002 0.692252575218837
23.25 0.6798685865963607
23.35 0.6758001565195961
23.450000000000003 0.6625408784447047
23.55 0.6601242756064483
23.650000000000002 0.6549123275680934
23.75 0.6557347506245598
23.85 0.6481582704489852
23.950000000000003 0.6354896673073863
24.05 0.6385397875753349
24.150000000000002 0.6276032476047227
24.25 0.6194239952787924
24.35 0.6126366291610849
24.450000000000003 0.6097020499684088
24.55 0.6053619527152486
24.650000000000002 0.6025821419708182
24.75 0.5985166398428249
24.85 0.598926531265117
24.950000000000003 0.5943462371130902
25.05 0.5911950884671247

