0.05 0.0
0.15000000000000002 0.0
0.25 0.0
0.35000000000000003 0.0
0.45 0.0
0.55 0.0
0.65 0.0
0.75 0.0
0.8500000000000001 0.0
0.9500000000000001 0.0
1.05 0.0
1.1500000000000001 0.0
1.25 0.0
1.35 0.0
1.4500000000000002 0.0
1.55 0.0
1.6500000000000001 0.0
1.75 0.0
1.85 0.0
1.9500000000000002 0.0
2.0500000000000003 0.0
2.15 0.0
2.25 0.0
2.35 0.0
2.45 0.0
2.5500000000000003 0.0
2.6500000000000004 0.0
2.75 0.0
2.85 0.0
2.95 0.0
3.0500000000000003 0.0
3.1500000000000004 0.0070421475900532835
3.25 0.03061603914783713
3.35 0.14559359305873829
3.45 0.509513739796494
3.5500000000000003 1.254337758312971
3.6500000000000004 2.392707945062602
3.75 3.7297334689078747
3.85 4.869222944747822
3.95 5.846622803384408
4.05 6.278528437976009
4.15 6.586541821692594
4.25 6.818448339069114
4.3500000000000005 7.170396133246259
4.45 7.573677557459794
4.55 7.90037431076157
4.65 8.013206395712341
4.75 8.256073168719075
4.8500000000000005 8.484121141171807
4.95 8.62438984876696
5.050000000000001 8.447784219429925
5.15 8.308462656453452
5.25 7.930825658300273
5.3500000000000005 7.520776713715867
5.45 7.38788430607225
5.550000000000001 7.2052593919619685
5.65 7.0431065192833655
5.75 7.0169333682196235
5.8500000000000005 7.1391309359696065
5.95 7.214513431005204
6.050000000000001 7.171769574417504
6.15 7.167632571513549
6.25 7.03408517975032
6.3500000000000005 6.991687121721061
6.45 6.933744585279688
6.550000000000001 6.820135422054515
6.65 6.727542265607326
6.75 6.660988048430268
6.8500000000000005 6.497146564032435
6.95 6.455372784304032
7.050000000000001 6.373407704301912
7.15 6.23606731891694
7.25 6.052678070677068
7.3500000000000005 5.913148665104527
7.45 5.812279009060507
7.550000000000001 5.752702969837703
7.65 5.60251137909943
7.75 5.658583077142852
7.8500000000000005 5.693504933750624
7.95 5.762573080228694
8.05 5.756206869025768
8.15 5.811991604301334
8.25 5.909786424864938
8.35 5.914106958467719
8.450000000000001 5.948841333617424
8.55 5.872850646094332
8.65 5.739573394465255
8.75 5.630816765288275
8.85 5.48806030073904
8.950000000000001 5.446660501204859
9.05 5.366598860107116
9.15 5.314197405914239
9.25 5.311596000041892
9.35 5.325670479922581
9.450000000000001 5.336387903023362
9.55 5.394250616924077
9.65 5.418270260441614
9.75 5.427809922573753
9.850000000000001 5.414096240684022
9.950000000000001 5.3625794271322444
10.05 5.396344516312165
10.15 5.423083498950819
10.25 5.488476670010664
10.350000000000001 5.625072202752149
10.450000000000001 5.775053275354709
10.55 5.887719173647412
10.65 6.0033803781606485
10.75 6.119991576588004
10.850000000000001 6.2169245716461345
10.950000000000001 6.367181035745722
11.05 6.494091507613445
11.15 6.58972623114655
11.25 6.607088195924691
11.350000000000001 6.554936622313915
11.450000000000001 6.443222551700867
11.55 6.337145515358361
11.65 6.179262279065876
11.75 5.998274170562277
11.850000000000001 5.807814071617767
11.950000000000001 5.591546071693229
12.05 5.368659974089392
12.15 5.1101986885961495
12.25 4.872261032886922
12.350000000000001 4.681385537909641
12.450000000000001 4.454493781745437
12.55 4.301007145417036
12.65 4.180165857390306
12.75 4.081141963724622
12.850000000000001 3.963303513125547
12.950000000000001 3.887512887389788
13.05 3.7385881990947754
13.15 3.6299537342272306
13.25 3.4883304069919516
13.350000000000001 3.370635606117385
13.450000000000001 3.2189630083346104
13.55 3.069230989502444
13.65 2.972959546400434
13.75 2.875563255274087
13.850000000000001 2.799942497616153
13.950000000000001 2.7634350777019683
14.05 2.7274452509018086
14.15 2.706557138091683
14.25 2.6535437184803246
14.350000000000001 2.6627622233633295
14.450000000000001 2.6136934511527765
14.55 2.587958258419238
14.65 2.5424456620780975
14.75 2.470225246267742
14.850000000000001 2.4243710354004935
14.950000000000001 2.3411739711177266
15.05 2.2645630710126956
15.15 2.2032089809641193
15.25 2.1281450979981886
15.350000000000001 2.0604540835650553
15.450000000000001 1.9969320961766972
15.55 1.9497767854519235
15.65 1.9048648544086149
15.75 1.8930278733838823
15.850000000000001 1.8787965573958922
15.950000000000001 1.8593462111227117
16.05 1.834279498107506
16.150000000000002 1.8249840198365017
16.25 1.814101814915461
16.35 1.7713604919986208
16.45 1.7699984966169926
16.55 1.7474654032519992
16.650000000000002 1.7102969198628852
16.75 1.69046541023848
16.85 1.6519735587070212
16.95 1.5936978055892599
17.05 1.5430129144873952
17.150000000000002 1.519225612095205
17.25 1.4747358762514844
17.35 1.445002399048689
17.45 1.427633497454875
17.55 1.3955046304717467
17.650000000000002 1.3865512346715139
17.75 1.3726243645544844
17.85 1.3586054382098338
17.95 1.3384884440173568
18.05 1.3332019971792224
18.150000000000002 1.3146181956078473
18.25 1.2904301803641267
18.35 1.2768127067432282
18.45 1.2683784752957743
18.55 1.247451598260046
18.650000000000002 1.2391590406102793
18.75 1.2316725352942348
18.85 1.2096181955081102
18.95 1.1783786309392554
19.05 1.1671372470111554
19.150000000000002 1.1457286846335875
19.25 1.1247205854384976
19.35 1.0895925353254199
19.450000000000003 1.077834101211213
19.55 1.0604044936541968
19.650000000000002 1.0469268617141054
19.75 1.0367742123324974
19.85 1.027826321667088
19.950000000000003 1.0286862632037659
20.05 1.0213707250257757
20.150000000000002 1.0058701965550103
20.25 0.9899939606991343
20.35 0.9868311471094963
20.450000000000003 0.9785177529216034
20.55 0.9542994994020132
20.650000000000002 0.952899048538644
20.75 0.9334989477467321
20.85 0.9250868369653259
20.950000000000003 0.9187790313291943
21.05 0.9051283024473388
21.150000000000002 0.9035268065501643
21.25 0.889471837098712
21.35 0.869611412536776
21.450000000000003 0.8605937802886243
21.55 0.8504937902621067
21.650000000000002 0.8402201405752662
21.75 0.8264579605499492
21.85 0.8135630024286813
21.950000000000003 0.8095044492759047
22.05 0.8025503502558832
22.150000000000002 0.801784981010229
22.25 0.7926953103939016
22.35 0.7829513332935419
22.450000000000003 0.7834798374799773
22.55 0.7759137943623547
22.650000000000002 0.7593685084910117
22.75 0.7592106173401933
22.85 0.7496719952288278
22.950000000000003 0.7432158340234806
23.05 0.729297197822514
23.150000000000002 0.7199752547784629
23.25 0.7193563412967653
23.35 0.7101040517013563
23.450000000000003 0.7067427914571875
23.55 0.6957223531243723
23.650000000000002 0.6872312699724648
23.75 0.6806711071092465
23.85 0.6808506881693741
23.950000000000003 0.6717782270676816
24.05 0.6679813294135286
24.150000000000002 0.6583942009070494
24.25 0.6510060878972173
24.35 0.6437268467940418
24.450000000000003 0.6425350199487785
24.55 0.6376388155899578
24.650000000000002 0.6359813412305093
24.75 0.632198108698488
24.85 0.6259351443864927
24.950000000000003 0.6216048867032121
25.05 0.6196907141033534

