0.05 0.0
0.15000000000000002 0.0
0.25 0.0
0.35000000000000003 0.0
0.45 0.0
0.55 0.0
0.65 0.0
0.75 0.0
0.8500000000000001 0.0
0.9500000000000001 0.0
1.05 0.0
1.1500000000000001 0.0
1.25 0.0
1.35 0.0
1.4500000000000002 0.0
1.55 0.0
1.6500000000000001 0.0
1.75 0.0
1.85 0.0
1.9500000000000002 0.0
2.0500000000000003 0.0
2.15 0.0
2.25 0.0
2.35 0.0
2.45 0.0
2.5500000000000003 0.0
2.6500000000000004 0.0
2.75 0.0
2.85 0.0
2.95 0.0
3.0500000000000003 0.0009414608440283697
3.1500000000000004 0.00792684887447016
3.25 0.03720923846909893
3.35 0.19618082360430333
3.45 0.7041037240202146
3.5500000000000003 1.6690015303993317
3.6500000000000004 3.3021100904800056
3.75 5.09200627812319
3.85 6.521366384554454
3.95 7.301547994593422
4.05 7.811654321208508
4.15 7.867216055871185
4.25 7.904201985584248
4.3500000000000005 7.8546774496055045
4.45 8.03773242327435
4.55 7.991110942533301
4.65 8.283087552362103
4.75 8.320437457616094
4.8500000000000005 8.47204903862219
4.95 8.426845534548832
5.050000000000001 8.388381932572061
5.15 8.403050303148467
5.25 8.062084159932722
5.3500000000000005 7.838775965312358
5.45 7.66000190095073
5.550000000000001 7.520569873603537
5.65 7.419314007643366
5.75 7.395638735515338
5.8500000000000005 7.217537553300975
5.95 7.293190854288801
6.050000000000001 7.165010094185131
6.15 7.127700961817169
6.25 7.15440872086668
6.3500000000000005 6.982004843900092
6.45 6.8907533228435325
6.550000000000001 6.630933875720742
6.65 6.693596035477644
6.75 6.51799713959129
6.8500000000000005 6.562605962729573
6.95 6.547765114230147
7.050000000000001 6.502263090315971
7.15 6.425815916352622
7.25 6.294104815420559
7.3500000000000005 6.190976519345925
7.45 6.006391371402208
7.550000000000001 5.935779204012717
7.65 5.755728809255823
7.75 5.745122448082644
7.8500000000000005 5.698202508157203
7.95 5.732012697226158
8.05 5.810817144612372
8.15 5.888323988604322
8.25 6.0151422283608635
8.35 5.971807484489688
8.450000000000001 5.953056777832532
8.55 5.8909606872110345
8.65 5.793983347587391
8.75 5.659042660931435
8.85 5.586860451029234
8.950000000000001 5.506036330667313
9.05 5.47795408841444
9.15 5.491497545540736
9.25 5.56237928008606
9.35 5.635700046926382
9.450000000000001 5.639782418234929
9.55 5.636861994954167
9.65 5.572842402983963
9.75 5.551321974454153
9.850000000000001 5.499374320759229
9.950000000000001 5.451621881339902
10.05 5.427983326174386
10.15 5.4362208150722715
10.25 5.608105232664015
10.350000000000001 5.716855692922328
10.450000000000001 5.8704935843471295
10.55 6.041422882312066
10.65 6.169067138113126
10.75 6.378941985284661
10.850000000000001 6.590165808352178
10.950000000000001 6.821198712515455
11.05 6.968326192446928
11.15 7.040678910806785
11.25 7.008731968494065
11.350000000000001 6.839511383098589
11.450000000000001 6.620107855087882
11.55 6.384749896854928
11.65 6.130573832223645
11.75 5.867254046448558
11.850000000000001 5.601089743937158
11.950000000000001 5.336461156117841
12.05 5.137241440918788
12.15 4.860334402127029
12.25 4.632262828453926
12.350000000000001 4.478144277051523
12.450000000000001 4.286335223781011
12.55 4.185550147199127
12.65 4.086611613666144
12.75 3.9944908890037634
12.850000000000001 3.9569757202722786
12.950000000000001 3.8522879954674165
13.05 3.800911578278896
13.15 3.6846538381485536
13.25 3.573679735492176
13.350000000000001 3.4322176349579125
13.450000000000001 3.295948639295916
13.55 3.149199069592778
13.65 3.010450651449316
13.75 2.8902414731898003
13.850000000000001 2.8048189531381285
13.950000000000001 2.693813269317629
14.05 2.651372617068361
14.15 2.607972629030035
14.25 2.589328793276687
14.350000000000001 2.575857874535265
14.450000000000001 2.558478905754129
14.55 2.5330333752267236
14.65 2.501810188348953
14.75 2.4725684210018235
14.850000000000001 2.445508516469483
14.950000000000001 2.395243859813498
15.05 2.334552572140687
15.15 2.290533047883883
15.25 2.229657759997545
15.350000000000001 2.1481395403867034
15.450000000000001 2.0589550093307993
15.55 1.9949092137458417
15.65 1.9325190269646288
15.75 1.8778391378107964
15.850000000000001 1.8469409830566161
15.950000000000001 1.8250206548027939
16.05 1.7681381438923587
16.150000000000002 1.7706987350392436
16.25 1.7539264996059099
16.35 1.7544273333368323
16.45 1.733130658650796
16.55 1.7319593962303443
16.650000000000002 1.7137507846682192
16.75 1.6724008402929649
16.85 1.6655016014489077
16.95 1.6144808233179615
17.05 1.5745589044715271
17.150000000000002 1.557781211067222
17.25 1.5026314014933113
17.35 1.472327497308
17.45 1.4602304459723006
17.55 1.4334910241020387
17.650000000000002 1.3929948354942154
17.75 1.3699742414255114
17.85 1.3539602581339734
17.95 1.3102645561681927
18.05 1.2995079720922733
18.150000000000002 1.2704949794430993
18.25 1.249689657484802
18.35 1.241555490776372
18.45 1.2350010113942873
18.55 1.2339975296937584
18.650000000000002 1.2168078467185308
18.75 1.212998825335197
18.85 1.2063095633016276
18.95 1.182932101614163
19.05 1.1509746922258748
19.150000000000002 1.1322253115953305
19.25 1.1155622376946916
19.35 1.0931727238692397
19.450000000000003 1.074702392770247
19.55 1.0515766839517033
19.650000000000002 1.0395821740394113
19.75 1.0284687890403654
19.85 1.0206362716034896
19.950000000000003 1.002380373300345
20.05 0.990355132774275
20.150000000000002 0.9770490939376761
20.25 0.9638982305168855
20.35 0.937443068628306
20.450000000000003 0.9328273900814872
20.55 0.925996433936846
20.650000000000002 0.9144818506003971
20.75 0.9162663204023124
20.85 0.8985402230863291
20.950000000000003 0.9012077527964806
21.05 0.8862497058280815
21.150000000000002 0.8804464317528924
21.25 0.8664503103632046
21.35 0.8517702334130139
21.450000000000003 0.8388925480048489
21.55 0.8343990937100378
21.650000000000002 0.8145053873619912
21.75 0.8033228709477107
21.85 0.8028560716833917
21.950000000000003 0.7909794923724373
22.05 0.7789636409154044
22.150000000000002 0.7753531318280796
22.25 0.7702798099505148
22.35 0.7486712804507445
22.450000000000003 0.7509547037005267
22.55 0.7394107693257348
22.650000000000002 0.745554483124688
22.75 0.7254311855789033
22.85 0.729361258520501
22.950000000000003 0.7175445418195812
23.05 0.7128261005357479
23.150000000000002 0.7004909366754423
23.25 0.6953988862559494
23.35 0.688995678106433
23.450000000000003 0.6819794364244388
23.55 0.6812904360426013
23.650000000000002 0.6731849266385058
23.75 0.6657595626719851
23.85 0.6688729229269229
23.950000000000003 0.6588734765431637
24.05 0.6435138584093175
24.150000000000002 0.6389456408942726
24.25 0.6308181354472836
24.35 0.6272296653641585
24.450000000000003 0.617628992303658
24.55 0.6096635966720508
24.650000000000002 0.6145011085483526
24.75 0.6132446747790784
24.85 0.6100202726926364
24.950000000000003 0.6045007158252886
25.05 0.5987373678642937

