0.05 0.0
0.15000000000000002 0.0
0.25 0.0
0.35000000000000003 0.0
0.45 0.0
0.55 0.0
0.65 0.0
0.75 0.0
0.8500000000000001 0.0
0.9500000000000001 0.0
1.05 0.0
1.1500000000000001 0.0
1.25 0.0
1.35 0.0
1.4500000000000002 0.0
1.55 0.0
1.6500000000000001 0.0
1.75 0.0
1.85 0.0
1.9500000000000002 0.0
2.0500000000000003 0.0
2.15 0.0
2.25 0.0
2.35 0.0
2.45 0.0
2.5500000000000003 0.0
2.6500000000000004 0.0
2.75 0.0011576499420535465
2.85 0.001076945211173034
2.95 0.0
3.0500000000000003 0.003759093613403631
3.1500000000000004 0.007048611519737604
3.25 0.029787980729961496
3.35 0.16117986077369298
3.45 0.558051567729927
3.5500000000000003 1.2820366747239436
3.6500000000000004 2.4183700433445217
3.75 3.668243153507678
3.85 4.69634145561739
3.95 5.395814523712892
4.05 5.772618436895071
4.15 6.185232028603137
4.25 6.607023050227968
4.3500000000000005 6.783780873163613
4.45 7.16704992059111
4.55 7.4490573891879155
4.65 7.747741095662255
4.75 8.126559616973005
4.8500000000000005 8.171631931512525
4.95 8.255331071589115
5.050000000000001 8.201297753504834
5.15 7.824895572278681
5.25 7.667144056553406
5.3500000000000005 7.3393157737463515
5.45 7.1673062513271395
5.550000000000001 6.951917089376026
5.65 6.921522578588723
5.75 6.963080734427688
5.8500000000000005 7.011008299715912
5.95 6.998416967063365
6.050000000000001 6.979614716075549
6.15 6.943322429026129
6.25 6.878895014184674
6.3500000000000005 6.764516453600225
6.45 6.773312367301923
6.550000000000001 6.640172057923543
6.65 6.558925679961731
6.75 6.492474008376474
6.8500000000000005 6.4463398724492995
6.95 6.295438257829104
7.050000000000001 6.269553176526256
7.15 6.08914324859394
7.25 5.954491549476183
7.3500000000000005 5.8048153264128075
7.45 5.662823389453496
7.550000000000001 5.662039779735821
7.65 5.569738197274977
7.75 5.609978542547091
7.8500000000000005 5.579427594362792
7.95 5.638112880395325
8.05 5.664700744970097
8.15 5.710909519210892
8.25 5.711675133607979
8.35 5.733834350141125
8.450000000000001 5.70655705532877
8.55 5.634846324639639
8.65 5.5763781801234895
8.75 5.48034651223581
8.85 5.373186885370629
8.950000000000001 5.341073766897483
9.05 5.253941306572854
9.15 5.223567345263854
9.25 5.23215948686431
9.35 5.244829644496853
9.450000000000001 5.203238803002525
9.55 5.2302726002452635
9.65 5.247743996641173
9.75 5.229815955354403
9.850000000000001 5.2417647208553335
9.950000000000001 5.265554292875109
10.05 5.282680864420355
10.15 5.312001061963052
10.25 5.376029648898728
10.350000000000001 5.434470085256952
10.450000000000001 5.594842118194947
10.55 5.6933071408206075
10.65 5.78373147518833
10.75 5.9061201648930775
10.850000000000001 6.023904002465641
10.950000000000001 6.12475459584103
11.05 6.251336172596312
11.15 6.376585138009022
11.25 6.444441062535746
11.350000000000001 6.3655720989447095
11.450000000000001 6.226216196243623
11.55 6.106788685389266
11.65 5.967414248366518
11.75 5.794262764349933
11.850000000000001 5.61624298991305
11.950000000000001 5.431956558082009
12.05 5.228482475189219
12.15 5.000029629594664
12.25 4.7686896604162
12.350000000000001 4.581155224385685
12.450000000000001 4.385098432749346
12.55 4.223786885705079
12.65 4.103274411311376
12.75 3.9825896493043
12.850000000000001 3.8908876432157737
12.950000000000001 3.802199558464841
13.05 3.6631410054498605
13.15 3.5594159174416644
13.25 3.41963859448292
13.350000000000001 3.281200893626121
13.450000000000001 3.1760660497306863
13.55 3.057861361380768
13.65 2.9373580063691125
13.75 2.8258496714499985
13.850000000000001 2.7668060884452386
13.950000000000001 2.725825550372172
14.05 2.7186225027124746
14.15 2.6720279743677002
14.25 2.6476860335032826
14.350000000000001 2.594038961536214
14.450000000000001 2.5676054797675403
14.55 2.5203069618831444
14.65 2.472322170324887
14.75 2.430271620762678
14.850000000000001 2.3642787410592345
14.950000000000001 2.298308312825311
15.05 2.226511386627111
15.15 2.1608380502808746
15.25 2.085320500515221
15.350000000000001 2.04181470722318
15.450000000000001 1.9874017278598264
15.55 1.9460418799012873
15.65 1.9063245574561984
15.75 1.8903154315915816
15.850000000000001 1.857365738714365
15.950000000000001 1.8491121660175527
16.05 1.8295424102472377
16.150000000000002 1.8173120195156283
16.25 1.7748338683222906
16.35 1.772769513120225
16.45 1.7427312104950898
16.55 1.7282949680537985
16.650000000000002 1.701272423120221
16.75 1.6748297658531648
16.85 1.6361266479716052
16.95 1.5910864725847882
17.05 1.5438561635402515
17.150000000000002 1.5323281692382937
17.25 1.4903630835411381
17.35 1.4633539985516535
17.45 1.4367371575055852
17.55 1.424706221840415
17.650000000000002 1.4147004996941002
17.75 1.3812058658179587
17.85 1.3708990101327674
17.95 1.3678108856276923
18.05 1.3475407181527062
18.150000000000002 1.320462273716203
18.25 1.3286118845900838
18.35 1.3048181155753784
18.45 1.295382977146966
18.55 1.2799009852883287
18.650000000000002 1.2665062334745842
18.75 1.2512231970586953
18.85 1.2202193207557241
18.95 1.2161972942640522
19.05 1.1939263107148883
19.150000000000002 1.1765136258221551
19.25 1.1578890600812162
19.35 1.1417949574946005
19.450000000000003 1.1234045921389082
19.55 1.111469592452063
19.650000000000002 1.0974657430587755
19.75 1.0763738505570928
19.85 1.0663941986134662
19.950000000000003 1.0700907467585785
20.05 1.0598978383726778
20.150000000000002 1.0443641961981889
20.25 1.0372763093426587
20.35 1.0311591947081153
20.450000000000003 1.0129713108504492
20.55 1.0094443632292927
20.650000000000002 1.001975550287756
20.75 0.9896873353146806
20.85 0.9680028796983405
20.950000000000003 0.9637791835715477
21.05 0.9530170399418844
21.150000000000002 0.9418409095289905
21.25 0.9339670257245295
21.35 0.9243806725906959
21.450000000000003 0.914482081291879
21.55 0.9049003275917272
21.650000000000002 0.8881396873149846
21.75 0.8733712819593042
21.85 0.8709588894989815
21.950000000000003 0.864734197305355
22.05 0.8572437216088835
22.150000000000002 0.8481731063817409
22.25 0.8350535903408369
22.35 0.8327324207666096
22.450000000000003 0.8313234823124698
22.55 0.8224508539794199
22.650000000000002 0.8196961746910161
22.75 0.8072290469875336
22.85 0.798744961879162
22.950000000000003 0.7913324008545286
23.05 0.7756802999214314
23.150000000000002 0.7789534190099578
23.25 0.7758895903193317
23.35 0.752733438343037
23.450000000000003 0.756105912222702
23.55 0.7440205256679233
23.650000000000002 0.7477173066373387
23.75 0.7370255555308484
23.85 0.726569388422003
23.950000000000003 0.7207116018669633
24.05 0.7169566737308855
24.150000000000002 0.7104322632767819
24.25 0.7049660660607687
24.35 0.696839385352917
24.450000000000003 0.6941586193844761
24.55 0.6876513004293856
24.650000000000002 0.6824812442845694
24.75 0.6800344274982837
24.85 0.6759981264857907
24.950000000000003 0.6682015687014141
25.05 0.6679661799087179

