0.05 0.0
0.15000000000000002 0.0
0.25 0.0
0.35000000000000003 0.0
0.45 0.0
0.55 0.0
0.65 0.0
0.75 0.0
0.8500000000000001 0.0
0.9500000000000001 0.0
1.05 0.0
1.1500000000000001 0.0
1.25 0.0
1.35 0.0
1.4500000000000002 0.0
1.55 0.0
1.6500000000000001 0.0
1.75 0.0
1.85 0.0
1.9500000000000002 0.0
2.0500000000000003 0.0
2.15 0.0
2.25 0.0
2.35 0.0
2.45 0.0
2.5500000000000003 0.0
2.6500000000000004 0.0
2.75 0.0
2.85 0.0
2.95 0.0
3.0500000000000003 0.0037564523274045266
3.1500000000000004 0.030837270302942858
3.25 0.14728143806992597
3.35 0.45010472671181956
3.45 1.1599962844658493
3.5500000000000003 2.0988982613736025
3.6500000000000004 3.2456762721597907
3.75 4.454826002046093
3.85 5.322084309940583
3.95 5.894603174384651
4.05 6.193164084264526
4.15 6.531302854395263
4.25 6.863554366923343
4.3500000000000005 6.821308700110766
4.45 6.831606713306062
4.55 7.049300013558253
4.65 7.003388626457676
4.75 7.180190498908183
4.8500000000000005 7.141311401105968
4.95 7.340770887179023
5.050000000000001 7.325734391421534
5.15 7.306147229814859
5.25 7.2413432720459285
5.3500000000000005 7.21334570275262
5.45 7.1133346354927465
5.550000000000001 7.082185213140231
5.65 7.057761244410784
5.75 6.915126572920541
5.8500000000000005 6.948913207700254
5.95 6.852879896115121
6.050000000000001 6.810049961514728
6.15 6.730853487911675
6.25 6.687411306554536
6.3500000000000005 6.554117861333685
6.45 6.574257441946498
6.550000000000001 6.43024625255597
6.65 6.377354709064123
6.75 6.30073376575738
6.8500000000000005 6.278027209548981
6.95 6.205911440166619
7.050000000000001 6.103405039083415
7.15 6.1243406688676165
7.25 6.057882012516445
7.3500000000000005 5.91217739116007
7.45 5.882186191393174
7.550000000000001 5.8197509973121715
7.65 5.747254869204546
7.75 5.6850197123256
7.8500000000000005 5.700039575501234
7.95 5.67941198960946
8.05 5.668795250467608
8.15 5.651894364515993
8.25 5.643337753380954
8.35 5.631991136280132
8.450000000000001 5.612388045938295
8.55 5.567475977180396
8.65 5.496483872776384
8.75 5.429919786693661
8.85 5.395013143732315
8.950000000000001 5.371926772517889
9.05 5.360034404050504
9.15 5.376671371448003
9.25 5.328849799865819
9.35 5.402437829844777
9.450000000000001 5.384274210835873
9.55 5.3829986547599455
9.65 5.382850427577451
9.75 5.33685729823439
9.850000000000001 5.324257860330444
9.950000000000001 5.282351775891641
10.05 5.277351473426439
10.15 5.370105144120917
10.25 5.406048532955635
10.350000000000001 5.4618307589668165
10.450000000000001 5.597411801464273
10.55 5.746022294428624
10.65 5.861414953812779
10.75 6.011370009276037
10.850000000000001 6.2186851143222635
10.950000000000001 6.35843124244266
11.05 6.464487655569755
11.15 6.454565022215527
11.25 6.435146904942469
11.350000000000001 6.3236404524549865
11.450000000000001 6.175943589322746
11.55 5.974621419444452
11.65 5.781632914046291
11.75 5.577539724368054
11.850000000000001 5.410264525767806
11.950000000000001 5.20158946831871
12.05 5.012364299871175
12.15 4.849685775701394
12.25 4.686428069712531
12.350000000000001 4.526298256380967
12.450000000000001 4.398334588423305
12.55 4.3179374392484
12.65 4.1894041160380215
12.75 4.122837550786788
12.850000000000001 4.018911596557924
12.950000000000001 3.8994025759540607
13.05 3.824392017916573
13.15 3.7425385442875365
13.25 3.6078074096002286
13.350000000000001 3.483358683698046
13.450000000000001 3.3514381462675336
13.55 3.2685412436267094
13.65 3.16099156785311
13.75 3.0624703139738108
13.850000000000001 2.9417224834167333
13.950000000000001 2.89635713977896
14.05 2.8261036073671835
14.15 2.785336128676799
14.25 2.727726005540228
14.350000000000001 2.656832779834675
14.450000000000001 2.610581662235644
14.55 2.5805779443559955
14.65 2.5386635081678626
14.75 2.4964256978805763
14.850000000000001 2.455531958947644
14.950000000000001 2.4090583219729944
15.05 2.351836317892546
15.15 2.3118865972086664
15.25 2.2652171325755353
15.350000000000001 2.2005840070340543
15.450000000000001 2.1326937414438367
15.55 2.085558370916285
15.65 2.031869967962534
15.75 1.9869879157042247
15.850000000000001 1.9463281793717775
15.950000000000001 1.8970941724787724
16.05 1.8761132401838707
16.150000000000002 1.8379346507617034
16.25 1.8116993301805346
16.35 1.7954855913925243
16.45 1.7656199343974097
16.55 1.757179218710642
16.650000000000002 1.7164211057918828
16.75 1.698978878883717
16.85 1.6698780662010777
16.95 1.6427009577256062
17.05 1.609631139862542
17.150000000000002 1.5745630285177972
17.25 1.5574108873547066
17.35 1.5287150911184963
17.45 1.5038601021112095
17.55 1.4747399655461861
17.650000000000002 1.4577759356805875
17.75 1.4118251206316572
17.85 1.4033158653905418
17.95 1.3749357435977687
18.05 1.3474007374079584
18.150000000000002 1.3220594274631388
18.25 1.3052892856817104
18.35 1.2796256008230031
18.45 1.2731420040165453
18.55 1.2551557736474654
18.650000000000002 1.2417900184327246
18.75 1.231839796538857
18.85 1.2207801707029995
18.95 1.2065486007157435
19.05 1.183279358010229
19.150000000000002 1.166914068446163
19.25 1.1458134036793517
19.35 1.1183230986026154
19.450000000000003 1.104076291002171
19.55 1.0954067486502082
19.650000000000002 1.083882643148659
19.75 1.0655951910777304
19.85 1.0468385920901897
19.950000000000003 1.0404031651403445
20.05 1.0235959976003501
20.150000000000002 1.0004998597310668
20.25 0.9923460158166802
20.35 0.9716918600919449
20.450000000000003 0.9613870353535193
20.55 0.9535734236403925
20.650000000000002 0.940054082325
20.75 0.9297088532811283
20.85 0.921072890348516
20.950000000000003 0.9135461070604577
21.05 0.9035764915989005
21.150000000000002 0.8946614207339033
21.25 0.8861077113800261
21.35 0.8741134650033444
21.450000000000003 0.8564489451129725
21.55 0.8498806244568279
21.650000000000002 0.8360382052702866
21.75 0.8260735211933788
21.85 0.8134750829903077
21.950000000000003 0.8063484171339926
22.05 0.7995734640188601
22.150000000000002 0.7818574095925923
22.25 0.7826065214348232
22.35 0.7728712013919415
22.450000000000003 0.7589611072491061
22.55 0.7538180880499163
22.650000000000002 0.7468611417143289
22.75 0.7394083046450305
22.85 0.7330287996103638
22.950000000000003 0.7234022877208884
23.05 0.7156032830737197
23.150000000000002 0.7122180434596153
23.25 0.7040245970091288
23.35 0.697551426012108
23.450000000000003 0.692270228587509
23.55 0.6754001257982886
23.650000000000002 0.6826798373944322
23.75 0.6710547653690407
23.85 0.6663517102364452
23.950000000000003 0.6568083384388275
24.05 0.6524744016475326
24.150000000000002 0.644076783580576
24.25 0.6323808877921627
24.35 0.635228356558347
24.450000000000003 0.6235629788003094
24.55 0.6160346475882109
24.650000000000002 0.6142615876771991
24.75 0.6151082999381926
24.85 0.6035822991023455
24.950000000000003 0.6055631850380698
25.05 0.6020960840501618

