0.05 0.0
0.15000000000000002 0.0
0.25 0.0
0.35000000000000003 0.0
0.45 0.0
0.55 0.0
0.65 0.0
0.75 0.0
0.8500000000000001 0.0
0.9500000000000001 0.0
1.05 0.0
1.1500000000000001 0.0
1.25 0.0
1.35 0.0
1.4500000000000002 0.0
1.55 0.0
1.6500000000000001 0.0
1.75 0.0
1.85 0.0
1.9500000000000002 0.0
2.0500000000000003 0.0
2.15 0.0
2.25 0.0
2.35 0.0
2.45 0.0
2.5500000000000003 0.0
2.6500000000000004 0.0
2.75 0.0
2.85 0.0010736460717584826
2.95 0.0010022668964789494
3.0500000000000003 0.001878715965068842
3.1500000000000004 0.03432929256125518
3.25 0.12742569969596684
3.35 0.4422693895074179
3.45 1.1490505910985314
3.5500000000000003 2.534455495437966
3.6500000000000004 4.193867358004012
3.75 5.436854797229783
3.85 6.266770257501275
3.95 7.027220491205861
4.05 7.086726153302258
4.15 7.18895686954296
4.25 7.177532412032382
4.3500000000000005 7.136580524842134
4.45 7.1971606675924
4.55 7.336392513165707
4.65 7.424125589806261
4.75 7.451701437399992
4.8500000000000005 7.716088333638636
4.95 7.70081962794556
5.050000000000001 7.692001733980748
5.15 7.532402348609908
5.25 7.539068028398111
5.3500000000000005 7.2227917093542455
5.45 7.196518345337869
5.550000000000001 7.056327104860513
5.65 6.997872918772474
5.75 6.907506485411613
5.8500000000000005 6.857844706316975
5.95 6.832596928270493
6.050000000000001 6.806390594888909
6.15 6.728174529751031
6.25 6.651124981578409
6.3500000000000005 6.612548477185659
6.45 6.475556101027175
6.550000000000001 6.39020781368113
6.65 6.343155925725671
6.75 6.27925122667907
6.8500000000000005 6.310335038000836
6.95 6.252074779047323
7.050000000000001 6.165383997040806
7.15 6.1229835357031535
7.25 5.964112474631345
7.3500000000000005 5.946299402859733
7.45 5.760786188693279
7.550000000000001 5.763763280289377
7.65 5.616422926757684
7.75 5.605187919701181
7.8500000000000005 5.576651563798828
7.95 5.552931311326329
8.05 5.644161271624506
8.15 5.628835414223145
8.25 5.629246960744958
8.35 5.607747782832383
8.450000000000001 5.53595203102279
8.55 5.527159026826889
8.65 5.43760368380576
8.75 5.420012850533749
8.85 5.352862162339415
8.950000000000001 5.280770356328049
9.05 5.28654021085708
9.15 5.33735799847647
9.25 5.339588876307962
9.35 5.370290694831562
9.450000000000001 5.316949672119563
9.55 5.31283178087688
9.65 5.324193528436098
9.75 5.256144762354634
9.850000000000001 5.203030974167641
9.950000000000001 5.218999431041897
10.05 5.188920071724694
10.15 5.269011499430259
10.25 5.343760345558073
10.350000000000001 5.473281269820126
10.450000000000001 5.595665264091505
10.55 5.721995511080063
10.65 5.896547476087431
10.75 6.077850033589653
10.850000000000001 6.274702438603281
10.950000000000001 6.446440759214026
11.05 6.555245079926087
11.15 6.574361262377613
11.25 6.411774082387115
11.350000000000001 6.25498032504592
11.450000000000001 6.053466017938049
11.55 5.791819841043995
11.65 5.596329072512013
11.75 5.336122340996549
11.850000000000001 5.161277250947079
11.950000000000001 4.970317060822099
12.05 4.769524465432026
12.15 4.557005058296926
12.25 4.397812855195204
12.350000000000001 4.239684553384224
12.450000000000001 4.120462831443524
12.55 3.9997819342092575
12.65 3.929794227917004
12.75 3.8517238898667405
12.850000000000001 3.7790970946950817
12.950000000000001 3.7151532815991932
13.05 3.619387386032605
13.15 3.5328739226692782
13.25 3.4312913235744706
13.350000000000001 3.3367072478881004
13.450000000000001 3.149757573360722
13.55 3.0627652050211998
13.65 2.959253244445188
13.75 2.841795954476801
13.850000000000001 2.7552062586209054
13.950000000000001 2.660556015518702
14.05 2.620145918962821
14.15 2.5735460339739484
14.25 2.5565054229750652
14.350000000000001 2.521088458273156
14.450000000000001 2.470477735662293
14.55 2.4711117865037133
14.65 2.428743379174893
14.75 2.3903663052999216
14.850000000000001 2.3426063464153706
14.950000000000001 2.3148596694127552
15.05 2.2707523122415845
15.15 2.216931199287172
15.25 2.1617803147035968
15.350000000000001 2.0872502711159444
15.450000000000001 2.0310453212691506
15.55 1.9720743984870162
15.65 1.939762324190193
15.75 1.8847686313682457
15.850000000000001 1.8513207615292226
15.950000000000001 1.806742593673009
16.05 1.7879143221104008
16.150000000000002 1.7633794067864121
16.25 1.7604508766332532
16.35 1.728756539880538
16.45 1.7177923973216311
16.55 1.7131253203331571
16.650000000000002 1.6891241574324902
16.75 1.6644067662030895
16.85 1.6555925148686013
16.95 1.6095160316407264
17.05 1.5907098097131023
17.150000000000002 1.5633522092654837
17.25 1.5341526768891343
17.35 1.5091025228138404
17.45 1.4831413590793747
17.55 1.4559150173895559
17.650000000000002 1.4338498999332587
17.75 1.41553919107597
17.85 1.3922169894873748
17.95 1.3689922810517525
18.05 1.3443093155941641
18.150000000000002 1.3308682548488864
18.25 1.312238252340857
18.35 1.2933275813799807
18.45 1.2903827683633484
18.55 1.2835430413530067
18.650000000000002 1.2857710396912783
18.75 1.2638142860796944
18.85 1.2638827258802412
18.95 1.2366474998585721
19.05 1.2257312476893787
19.150000000000002 1.20963119100785
19.25 1.1843969659911913
19.35 1.1644110040018454
19.450000000000003 1.1617080526499275
19.55 1.1339672168792647
19.650000000000002 1.1224257156593755
19.75 1.1219142567147014
19.85 1.099247541388579
19.950000000000003 1.0905589464640493
20.05 1.0772962434318942
20.150000000000002 1.0555287851641493
20.25 1.0532658717342298
20.35 1.031536803398618
20.450000000000003 1.0409674938541544
20.55 1.022521025418504
20.650000000000002 1.0051408227599454
20.75 0.995328422720251
20.85 0.9970412558954734
20.950000000000003 0.9928052067480412
21.05 0.9844458768384893
21.150000000000002 0.9733921305399885
21.25 0.9557271581998629
21.35 0.9548241163780862
21.450000000000003 0.9380221943368099
21.55 0.9334952479160792
21.650000000000002 0.9163071084557644
21.75 0.9090520045021088
21.85 0.9074949380206996
21.950000000000003 0.8859423010145222
22.05 0.8766347172816518
22.150000000000002 0.8757005049332084
22.25 0.8631896316372423
22.35 0.856449234152426
22.450000000000003 0.8491713923262154
22.55 0.8469624147691484
22.650000000000002 0.8377713959028248
22.75 0.8325580577471811
22.85 0.8245808650995211
22.950000000000003 0.8211498946378467
23.05 0.8046870292860123
23.150000000000002 0.7993982461201656
23.25 0.7995796165628167
23.35 0.7883985227585953
23.450000000000003 0.7856896448330717
23.55 0.7750207049225711
23.650000000000002 0.7737045039451247
23.75 0.7646369530752951
23.85 0.7603085484637065
23.950000000000003 0.7556589773922652
24.05 0.737519198333608
24.150000000000002 0.7379735147726622
24.25 0.7310449551386523
24.35 0.7168674082906258
24.450000000000003 0.7129371727882974
24.55 0.7096863306087285
24.650000000000002 0.7045614099424213
24.75 0.7049935110773814
24.85 0.6960943730833472
24.950000000000003 0.6959406059443762
25.05 0.6904109046736898

