0.05 0.0
0.15000000000000002 0.0
0.25 0.0
0.35000000000000003 0.0
0.45 0.0
0.55 0.0
0.65 0.0
0.75 0.0
0.8500000000000001 0.0
0.9500000000000001 0.0
1.05 0.0
1.1500000000000001 0.0
1.25 0.0
1.35 0.0
1.4500000000000002 0.0
1.55 0.0
1.6500000000000001 0.0
1.75 0.0
1.85 0.0
1.9500000000000002 0.0
2.0500000000000003 0.0
2.15 0.0
2.25 0.0
2.35 0.0
2.45 0.0
2.5500000000000003 0.0
2.6500000000000004 0.0
2.75 0.0
2.85 0.0
2.95 0.0
3.0500000000000003 0.000936613809688488
3.1500000000000004 0.007925835356535604
3.25 0.08602850379919047
3.35 0.2437041474541365
3.45 0.6959387666941201
3.5500000000000003 1.5067589391315606
3.6500000000000004 2.5765793287986165
3.75 3.58477577710807
3.85 4.534334118411929
3.95 5.198189818237503
4.05 5.56957396669663
4.15 5.7133596755433445
4.25 6.105214838189881
4.3500000000000005 6.555265983615764
4.45 6.847789050544804
4.55 7.129854434653591
4.65 7.345076512414341
4.75 7.7502798407315385
4.8500000000000005 7.788541577947374
4.95 7.9299529187652
5.050000000000001 7.878316490604221
5.15 7.771336161949781
5.25 7.606394166037513
5.3500000000000005 7.404283079401623
5.45 7.228911941215746
5.550000000000001 7.117105380676647
5.65 7.035564619917178
5.75 7.000792177547245
5.8500000000000005 6.953569818571572
5.95 6.991885260236001
6.050000000000001 6.8973355810529196
6.15 6.935272631578766
6.25 6.838296684022406
6.3500000000000005 6.827570345921195
6.45 6.757462264681157
6.550000000000001 6.672219622635024
6.65 6.54789288355665
6.75 6.497383228520261
6.8500000000000005 6.373499448117906
6.95 6.3428159535695725
7.050000000000001 6.2440139638174825
7.15 6.1036136998700945
7.25 6.032018945280714
7.3500000000000005 5.925859587514556
7.45 5.801012573416254
7.550000000000001 5.771301571447399
7.65 5.655507467036247
7.75 5.648686197089141
7.8500000000000005 5.677839146314541
7.95 5.677349850877775
8.05 5.712918381848764
8.15 5.746171105923313
8.25 5.768456354269015
8.35 5.740530585347243
8.450000000000001 5.736119451954128
8.55 5.6787025342076305
8.65 5.58851212033439
8.75 5.502862228839296
8.85 5.478646261010675
8.950000000000001 5.371187591253896
9.05 5.366611101161069
9.15 5.296784077830821
9.25 5.317812567048781
9.35 5.324505919589322
9.450000000000001 5.332866306092795
9.55 5.327129134855242
9.65 5.356903596869434
9.75 5.273337894177593
9.850000000000001 5.350396229556213
9.950000000000001 5.27938461676232
10.05 5.351483821104167
10.15 5.399231138497781
10.25 5.461181400804864
10.350000000000001 5.548131770560236
10.450000000000001 5.626606210938737
10.55 5.7557603930415695
10.65 5.8505463421208015
10.75 5.998212882602588
10.850000000000001 6.1007894160512315
10.950000000000001 6.259095263047388
11.05 6.3302184461387885
11.15 6.405841486590834
11.25 6.391588082595884
11.350000000000001 6.32942780432193
11.450000000000001 6.220426367007136
11.55 6.127900424894816
11.65 6.024935084949118
11.75 5.862248014472429
11.850000000000001 5.715206233135172
11.950000000000001 5.584110615195345
12.05 5.398990358414734
12.15 5.160190111074257
12.25 4.984960117786726
12.350000000000001 4.78518629448461
12.450000000000001 4.613858840130468
12.55 4.4440196283833915
12.65 4.300830296702563
12.75 4.16155846182233
12.850000000000001 4.0708948903581685
12.950000000000001 3.9792788084672335
13.05 3.8282113820809736
13.15 3.729268229654301
13.25 3.5985045817425396
13.350000000000001 3.4620121960222843
13.450000000000001 3.3275037680184916
13.55 3.2189820046789785
13.65 3.0938208937326377
13.75 3.0188756554387948
13.850000000000001 2.9525498488098987
13.950000000000001 2.8413100412737564
14.05 2.848597447412714
14.15 2.8074888035787704
14.25 2.777647715134149
14.350000000000001 2.7286435296507183
14.450000000000001 2.7013871942921486
14.55 2.6491436468877403
14.65 2.581608149503043
14.75 2.52360222710148
14.850000000000001 2.460709005443019
14.950000000000001 2.4053298933684077
15.05 2.335500048042283
15.15 2.292271556002122
15.25 2.208189612010629
15.350000000000001 2.150703280317564
15.450000000000001 2.09187460202376
15.55 2.0505402212123625
15.65 1.9791097702730742
15.75 1.9577334104724764
15.850000000000001 1.9507242136230925
15.950000000000001 1.906116091096593
16.05 1.891961033838374
16.150000000000002 1.8766720572478535
16.25 1.8577018282624866
16.35 1.822303496401218
16.45 1.80596905122405
16.55 1.7757807662503007
16.650000000000002 1.7564433178244265
16.75 1.7099495666959525
16.85 1.6800509039616016
16.95 1.618095582494918
17.05 1.6043058063347981
17.150000000000002 1.5539003260026218
17.25 1.5260425377706746
17.35 1.4813810569242185
17.45 1.4661120833312218
17.55 1.4535262296491196
17.650000000000002 1.4183822427070831
17.75 1.404470792395946
17.85 1.3891430763919195
17.95 1.3673382366709732
18.05 1.3413228159367188
18.150000000000002 1.3190218056309646
18.25 1.3077538443341306
18.35 1.2992932204565986
18.45 1.27533032635017
18.55 1.2671381388483607
18.650000000000002 1.247701256432193
18.75 1.2297389330972823
18.85 1.211484316558834
18.95 1.187482733620141
19.05 1.1736692087966423
19.150000000000002 1.145264019492736
19.25 1.1206045735839498
19.35 1.0947218605774904
19.450000000000003 1.0813008797920405
19.55 1.0714848327731583
19.650000000000002 1.045874429299943
19.75 1.0376029325309621
19.85 1.0321099725973288
19.950000000000003 1.009796973995556
20.05 1.0064850362697673
20.150000000000002 0.999876174494835
20.25 0.9803321732782931
20.35 0.9751155658905527
20.450000000000003 0.9556660412098562
20.55 0.9432524719391373
20.650000000000002 0.933254911133382
20.75 0.9197280114648835
20.85 0.9112561040089359
20.950000000000003 0.9004977493142596
21.05 0.889880592494583
21.150000000000002 0.8753063857351334
21.25 0.862733029779575
21.35 0.849979466215393
21.450000000000003 0.8413688189127047
21.55 0.8269629876643775
21.650000000000002 0.8169511511187076
21.75 0.8045516660933743
21.85 0.8012837604625775
21.950000000000003 0.7829421930443028
22.05 0.7741479148517967
22.150000000000002 0.7694290447323799
22.25 0.764144957525383
22.35 0.7586524130738872
22.450000000000003 0.750560640756785
22.55 0.7485971175122993
22.650000000000002 0.7350820746106471
22.75 0.7231737278679403
22.85 0.7157658247739432
22.950000000000003 0.7130408932609693
23.05 0.6991275955951083
23.150000000000002 0.6898368278171686
23.25 0.6891584001451978
23.35 0.6773595654692225
23.450000000000003 0.6740931928769438
23.55 0.6648730061433147
23.650000000000002 0.6557980804329561
23.75 0.6562349660145838
23.85 0.6432191447297727
23.950000000000003 0.6433489248186285
24.05 0.6372139319831092
24.150000000000002 0.6263172028884215
24.25 0.619066550671808
24.35 0.6126945036743188
24.450000000000003 0.6098800241962737
24.55 0.6021556664640769
24.650000000000002 0.6028312149753078
24.75 0.5981031982177071
24.85 0.5930793533744861
24.950000000000003 0.5949649060464101
25.05 0.583038111858655

