0.05 0.0
0.15000000000000002 0.0
0.25 0.0
0.35000000000000003 0.0
0.45 0.0
0.55 0.0
0.65 0.0
0.75 0.0
0.8500000000000001 0.0
0.9500000000000001 0.0
1.05 0.0
1.1500000000000001 0.0
1.25 0.0
1.35 0.0
1.4500000000000002 0.0
1.55 0.0
1.6500000000000001 0.0
1.75 0.0
1.85 0.0
1.9500000000000002 0.0
2.0500000000000003 0.0
2.15 0.0
2.25 0.0
2.35 0.0
2.45 0.0
2.5500000000000003 0.0
2.6500000000000004 0.0
2.75 0.0
2.85 0.0
2.95 0.0
3.0500000000000003 0.0
3.1500000000000004 0.003516642490587796
3.25 0.03722824065237506
3.35 0.19543898571830817
3.45 0.5807578688661228
3.5500000000000003 1.6087014750702011
3.6500000000000004 3.1077082629563333
3.75 4.724700292194756
3.85 6.192747211936592
3.95 7.107032479197029
4.05 7.49826806434693
4.15 7.698093809697149
4.25 7.796894045970148
4.3500000000000005 7.842958539574772
4.45 7.786633117617818
4.55 8.026617597032313
4.65 8.061892980039696
4.75 8.295299837085928
4.8500000000000005 8.424875114231067
4.95 8.359657349036416
5.050000000000001 8.339097747029141
5.15 8.286280302521236
5.25 8.11870771952236
5.3500000000000005 7.859782476106671
5.45 7.582272536264847
5.550000000000001 7.416388130954066
5.65 7.382305006808752
5.75 7.356094679111462
5.8500000000000005 7.283739333371299
5.95 7.322473655731136
6.050000000000001 7.178885363157124
6.15 7.136033211463863
6.25 7.012616542175189
6.3500000000000005 6.96858251891836
6.45 6.856343941592984
6.550000000000001 6.7455505877514526
6.65 6.631351090793765
6.75 6.572640582720656
6.8500000000000005 6.561797688470344
6.95 6.513831170285628
7.050000000000001 6.508410864938372
7.15 6.395632286141495
7.25 6.288792522571541
7.3500000000000005 6.158774170713888
7.45 6.068328115917263
7.550000000000001 5.854323772372199
7.65 5.77031973348049
7.75 5.704913304664724
7.8500000000000005 5.699063098337282
7.95 5.771320144392333
8.05 5.775560004230104
8.15 5.922341532448631
8.25 5.953977434464293
8.35 5.92716692055375
8.450000000000001 5.9653743434867375
8.55 5.8650654376404665
8.65 5.8070795214044795
8.75 5.64216749853141
8.85 5.567686243923268
8.950000000000001 5.507551680394405
9.05 5.519927322351829
9.15 5.55797415763063
9.25 5.542367541320851
9.35 5.5908463616731146
9.450000000000001 5.576869031051585
9.55 5.637619889393442
9.65 5.582244835419652
9.75 5.581090003476237
9.850000000000001 5.533654562116895
9.950000000000001 5.3989639534142695
10.05 5.4002108941261655
10.15 5.486615310587503
10.25 5.643136664820281
10.350000000000001 5.662290582770027
10.450000000000001 5.86702088140756
10.55 6.054584043736301
10.65 6.170149795694958
10.75 6.339401636818536
10.850000000000001 6.572274710653895
10.950000000000001 6.774904900828154
11.05 6.921558501894232
11.15 7.0242970445076365
11.25 6.97633888854453
11.350000000000001 6.875648424283701
11.450000000000001 6.644750597158508
11.55 6.3908307165471765
11.65 6.1737959752402585
11.75 5.920405063171691
11.850000000000001 5.667579886889253
11.950000000000001 5.427029662167476
12.05 5.181728817130409
12.15 4.944380070422801
12.25 4.711085473121445
12.350000000000001 4.549765207407497
12.450000000000001 4.3915459672572155
12.55 4.227183765830111
12.65 4.144546401380419
12.75 4.083584177846943
12.850000000000001 4.00285090549229
12.950000000000001 3.9376807352824814
13.05 3.830337679919403
13.15 3.743347522652033
13.25 3.6211532297322777
13.350000000000001 3.466977042203506
13.450000000000001 3.3638490491596498
13.55 3.2010135467245844
13.65 3.063843310047121
13.75 2.9429197446741417
13.850000000000001 2.832442502621171
13.950000000000001 2.773084157048221
14.05 2.713844738288872
14.15 2.659461253672534
14.25 2.6338995609338385
14.350000000000001 2.621517460927569
14.450000000000001 2.60251972395624
14.55 2.584302153418589
14.65 2.5351845593490374
14.75 2.516880315621119
14.850000000000001 2.480934863582538
14.950000000000001 2.437837968151332
15.05 2.3767531344070965
15.15 2.325190956118963
15.25 2.250892350283509
15.350000000000001 2.190817054950156
15.450000000000001 2.1054184604590254
15.55 2.025839602138261
15.65 1.964194234863075
15.75 1.9195820640246546
15.850000000000001 1.8857860411295317
15.950000000000001 1.852867828157645
16.05 1.8204933248853565
16.150000000000002 1.801338318885592
16.25 1.7804247394999608
16.35 1.7633083690963984
16.45 1.768321952486865
16.55 1.7491871142471758
16.650000000000002 1.7368097411241625
16.75 1.710160968050041
16.85 1.6603465168265945
16.95 1.6344281460588959
17.05 1.5923642353367111
17.150000000000002 1.5698059859033682
17.25 1.5190655288934796
17.35 1.4986123893112635
17.45 1.4677395959944355
17.55 1.435666794362795
17.650000000000002 1.4056439554983142
17.75 1.3757538633378352
17.85 1.3602794853731157
17.95 1.3243065149733015
18.05 1.2996306921257859
18.150000000000002 1.2811909522652314
18.25 1.2600091755055545
18.35 1.2400192754971062
18.45 1.2238953342765468
18.55 1.234556868251363
18.650000000000002 1.2234787112018377
18.75 1.2181511157385811
18.85 1.198366785885114
18.95 1.1704986164144042
19.05 1.1515017136541699
19.150000000000002 1.1260945525290464
19.25 1.1064869749526594
19.35 1.0738892450196271
19.450000000000003 1.0675786190581613
19.55 1.0486973274641953
19.650000000000002 1.0301607904411376
19.75 1.008902260400925
19.85 1.0099694569346187
19.950000000000003 0.9977473445266902
20.05 0.9743673187323744
20.150000000000002 0.9637838092715549
20.25 0.9348870824945301
20.35 0.9270843426893156
20.450000000000003 0.9156262504323825
20.55 0.9085837628338876
20.650000000000002 0.8991965736025855
20.75 0.893867752196426
20.85 0.8822886758108515
20.950000000000003 0.8704628772573094
21.05 0.8607405348611761
21.150000000000002 0.860944783655793
21.25 0.8451512313180289
21.35 0.8297993319594956
21.450000000000003 0.8133155647444453
21.55 0.8086987656164533
21.650000000000002 0.7972579696500415
21.75 0.7798908507570605
21.85 0.7762535811390401
21.950000000000003 0.7612309989335496
22.05 0.7556026642478331
22.150000000000002 0.745533817908877
22.25 0.7410534204930475
22.35 0.7300164180132168
22.450000000000003 0.7246079158354021
22.55 0.7164712380507486
22.650000000000002 0.7132166660475199
22.75 0.7105198100446268
22.85 0.6952675613091491
22.950000000000003 0.6895449992322369
23.05 0.6848684794270501
23.150000000000002 0.6770309951505578
23.25 0.6692866615137819
23.35 0.6615747760081703
23.450000000000003 0.6567759620111465
23.55 0.6521204376124683
23.650000000000002 0.6543728937161652
23.75 0.6420961433586697
23.85 0.639396310154359
23.950000000000003 0.6368329774661325
24.05 0.6205738874711854
24.150000000000002 0.6130086250955481
24.25 0.6089799390930999
24.35 0.6075370749885324
24.450000000000003 0.5897254784873387
24.55 0.5956566082687758
24.650000000000002 0.5913104073539198
24.75 0.5877279208528718
24.85 0.5877098156253567
24.950000000000003 0.5840651739049428
25.05 0.5771075109157016

