0.05 0.0
0.15000000000000002 0.0
0.25 0.0
0.35000000000000003 0.0
0.45 0.0
0.55 0.0
0.65 0.0
0.75 0.0
0.8500000000000001 0.0
0.9500000000000001 0.0
1.05 0.0
1.1500000000000001 0.0
1.25 0.0
1.35 0.0
1.4500000000000002 0.0
1.55 0.0
1.6500000000000001 0.0
1.75 0.0
1.85 0.0
1.9500000000000002 0.0
2.0500000000000003 0.0
2.15 0.0
2.25 0.0
2.35 0.0
2.45 0.0
2.5500000000000003 0.0
2.6500000000000004 0.0
2.75 0.0005408459679117506
2.85 0.0
2.95 0.000941005224058979
3.0500000000000003 0.0017595806362008747
3.1500000000000004 0.014023011115609423
3.25 0.06357592673046476
3.35 0.1732603091042489
3.45 0.4670151542167861
3.5500000000000003 0.8761262908510375
3.6500000000000004 1.4449583594392443
3.75 1.999751206978194
3.85 2.5211422492629114
3.95 2.858587485798811
4.05 3.0936288109202392
4.15 3.3560158569171867
4.25 3.6032845079600175
4.3500000000000005 3.866779119671353
4.45 4.1538348751607765
4.55 4.463152322588181
4.65 4.655494779383239
4.75 4.8124839925159755
4.8500000000000005 4.934335568028458
4.95 4.983209815031126
5.050000000000001 4.946467226563199
5.15 4.90059454790735
5.25 4.876212651395032
5.3500000000000005 4.791871560566412
5.45 4.754512565910338
5.550000000000001 4.683278781061094
5.65 4.627808537491901
5.75 4.565938530965054
5.8500000000000005 4.542271781092572
5.95 4.506096824067626
6.050000000000001 4.523058120608685
6.15 4.427119780379287
6.25 4.443360407874999
6.3500000000000005 4.369504696750097
6.45 4.324907864102692
6.550000000000001 4.301458103152091
6.65 4.255940511462339
6.75 4.171357644887372
6.8500000000000005 4.143611876854362
6.95 4.1059016669361235
7.050000000000001 4.0380867259260596
7.15 3.9852992544432237
7.25 3.9303178643230803
7.3500000000000005 3.9043145725390955
7.45 3.8681605097398526
7.550000000000001 3.8131235262459535
7.65 3.779583887338575
7.75 3.7735511169094504
7.8500000000000005 3.746327687924044
7.95 3.758853584265396
8.05 3.7651434803384967
8.15 3.7445665823120318
8.25 3.74431931132097
8.35 3.726968495194613
8.450000000000001 3.6698295874552262
8.55 3.664881649661025
8.65 3.605694758987276
8.75 3.5874468222340616
8.85 3.5709460518627156
8.950000000000001 3.5360454041231018
9.05 3.5261917644743597
9.15 3.520084017208226
9.25 3.5017129724876717
9.35 3.517672526948651
9.450000000000001 3.4962076963312847
9.55 3.497241826266761
9.65 3.507733582630008
9.75 3.463879531003056
9.850000000000001 3.476692498398891
9.950000000000001 3.466570024867169
10.05 3.5007235940278356
10.15 3.5179684055317657
10.25 3.554114366568756
10.350000000000001 3.620786441701148
10.450000000000001 3.6333660603898554
10.55 3.7037127415998534
10.65 3.7619188262531846
10.75 3.8259992646260925
10.850000000000001 3.900858087316589
10.950000000000001 3.9960310667868275
11.05 4.075220453612916
11.15 4.086698657644605
11.25 4.091665628358381
11.350000000000001 4.097483746909282
11.450000000000001 4.062249464266886
11.55 3.995471071842261
11.65 3.9535728865992215
11.75 3.888447287651996
11.850000000000001 3.805496923000288
11.950000000000001 3.7346414184101775
12.05 3.6114170326762
12.15 3.4989384847334004
12.25 3.362999121742753
12.350000000000001 3.2375108436430096
12.450000000000001 3.1245119106945856
12.55 2.9947028987874447
12.65 2.898371139800148
12.75 2.812581323875984
12.850000000000001 2.7226875651599416
12.950000000000001 2.655054075981939
13.05 2.563527363140675
13.15 2.475598358689792
13.25 2.405900159127229
13.350000000000001 2.337749031150707
13.450000000000001 2.2521748885663055
13.55 2.196471635731129
13.65 2.135904690392198
13.75 2.077752440215822
13.850000000000001 2.034890530678023
13.950000000000001 1.9955013863010145
14.05 1.9477783054941664
14.15 1.9074058153411964
14.25 1.8744045862002183
14.350000000000001 1.8475353604173035
14.450000000000001 1.8228135105236098
14.55 1.7781158796811127
14.65 1.7426655491533998
14.75 1.7083805584782747
14.850000000000001 1.6681367088170254
14.950000000000001 1.6355273910126935
15.05 1.5962439943795728
15.15 1.5611158279296722
15.25 1.5270629678614631
15.350000000000001 1.4916519422424763
15.450000000000001 1.4573829940600227
15.55 1.4345911371904392
15.65 1.4013357063199054
15.75 1.3837312886030133
15.850000000000001 1.3609224135899372
15.950000000000001 1.3412963584337614
16.05 1.3188711508744837
16.150000000000002 1.3042698455964161
16.25 1.2874411372908492
16.35 1.2679691972488902
16.45 1.2388431395160469
16.55 1.232344283770974
16.650000000000002 1.204709501853997
16.75 1.1865015580588398
16.85 1.1628187767024
16.95 1.145052116333357
17.05 1.1258517761486082
17.150000000000002 1.1088788286624331
17.25 1.0857909480149883
17.35 1.0759350880972423
17.45 1.0551157190165938
17.55 1.0348282504197017
17.650000000000002 1.0252418317936935
17.75 1.0143179042289145
17.85 1.0037984470913441
17.95 0.996039800358264
18.05 0.9775344646010048
18.150000000000002 0.957863010820626
18.25 0.9544622292243072
18.35 0.9412914358002709
18.45 0.9278136994453363
18.55 0.9263811122654763
18.650000000000002 0.9092310060215529
18.75 0.8976474458683882
18.85 0.8897454337371745
18.95 0.8802817767864662
19.05 0.8668850267198333
19.150000000000002 0.850826250471116
19.25 0.8443654190926302
19.35 0.830808667673803
19.450000000000003 0.8271834652585622
19.55 0.8134722655492753
19.650000000000002 0.8052438531140858
19.75 0.7973519430728676
19.85 0.8003265153364677
19.950000000000003 0.7846745385887623
20.05 0.7749860064934694
20.150000000000002 0.7698137018718609
20.25 0.7590448780854436
20.35 0.7566554361222173
20.450000000000003 0.7492094483849063
20.55 0.7427454909428356
20.650000000000002 0.7324462194527152
20.75 0.7333644779623664
20.85 0.7225076180981479
20.950000000000003 0.718575693708989
21.05 0.7136651031788901
21.150000000000002 0.7060041156160698
21.25 0.7014007262541071
21.35 0.6975078251419484
21.450000000000003 0.687736461204008
21.55 0.6862733521936083
21.650000000000002 0.6820816149643268
21.75 0.6732185631335889
21.85 0.6741784324794985
21.950000000000003 0.6730227738909965
22.05 0.6622578444117132
22.150000000000002 0.6594665313796887
22.25 0.6565822775872435
22.35 0.652473591186215
22.450000000000003 0.649373327663592
22.55 0.6475787847976283
22.650000000000002 0.6468746144850226
22.75 0.6415951765498502
22.85 0.6394021162790235
22.950000000000003 0.6379729512887402
23.05 0.6372842858663497
23.150000000000002 0.6356700342593085
23.25 0.6312067412614532
23.35 0.6251141484179279
23.450000000000003 0.630619071287153
23.55 0.6265538114280607
23.650000000000002 0.6250223290889761
23.75 0.6267588920514106
23.85 0.6204659083171349
23.950000000000003 0.6240811566129105
24.05 0.6232161142291208
24.150000000000002 0.6210825399733938
24.25 0.6241252890951207
24.35 0.6194861298241671
24.450000000000003 0.6212045498083957
24.55 0.6217524442350311
24.650000000000002 0.6197561829498774
24.75 0.6206599989167508
24.85 0.6224605060698613
24.950000000000003 0.6270095236861315
25.05 0.6285986336759393

