0.05 0.0
0.15000000000000002 0.0
0.25 0.0
0.35000000000000003 0.0
0.45 0.0
0.55 0.0
0.65 0.0
0.75 0.0
0.8500000000000001 0.0
0.9500000000000001 0.0
1.05 0.0
1.1500000000000001 0.0
1.25 0.0
1.35 0.0
1.4500000000000002 0.0
1.55 0.0
1.6500000000000001 0.0
1.75 0.0
1.85 0.0
1.9500000000000002 0.0
2.0500000000000003 0.0
2.15 0.0
2.25 0.0
2.35 0.0
2.45 0.0
2.5500000000000003 0.0
2.6500000000000004 0.0
2.75 0.0
2.85 0.0
2.95 0.0
3.0500000000000003 0.0
3.1500000000000004 0.0
3.25 0.001162207185425108
3.35 0.0018233957182418258
3.45 0.003781554247125987
3.5500000000000003 0.007470642190897422
3.6500000000000004 0.02612968473144767
3.75 0.04336698478558665
3.85 0.0751394572509441
3.95 0.10048150361163949
4.05 0.1287508387144983
4.15 0.18376962220147236
4.25 0.2672220802823696
4.3500000000000005 0.42082754386757587
4.45 0.6162741147908888
4.55 0.9085035407209436
4.65 1.1839676788461528
4.75 1.5044202226418644
4.8500000000000005 1.8889207429820811
4.95 2.2625687910283956
5.050000000000001 2.566237215903051
5.15 2.8180681619525645
5.25 3.0698607582860005
5.3500000000000005 3.2252932355417387
5.45 3.4011011083256166
5.550000000000001 3.5739063243544633
5.65 3.6048001695290965
5.75 3.7140953090472806
5.8500000000000005 3.733462190077221
5.95 3.7693021762302776
6.050000000000001 3.813421984095963
6.15 3.7435683944225846
6.25 3.784817947976466
6.3500000000000005 3.745046276916901
6.45 3.711005470134639
6.550000000000001 3.705437125897684
6.65 3.732058815097682
6.75 3.66018184912797
6.8500000000000005 3.6365114133772094
6.95 3.607898537794385
7.050000000000001 3.554979923093726
7.15 3.52106570725091
7.25 3.484554672737163
7.3500000000000005 3.453749472955087
7.45 3.397162131636384
7.550000000000001 3.3601832458522045
7.65 3.3642137749617484
7.75 3.3415831305168076
7.8500000000000005 3.307904518992629
7.95 3.3104517738199912
8.05 3.3004572042726736
8.15 3.3215372942181762
8.25 3.2780240812136974
8.35 3.2906014044986227
8.450000000000001 3.2529612150009477
8.55 3.2538518190783927
8.65 3.198165452718122
8.75 3.2003814279910845
8.85 3.2011387942473863
8.950000000000001 3.1703572292050386
9.05 3.1338196425826306
9.15 3.1271067627023013
9.25 3.0830631983519927
9.35 3.080231082370073
9.450000000000001 3.060878605315634
9.55 3.040015444187853
9.65 3.0100288225966616
9.75 3.003405844198456
9.850000000000001 3.0067475871427387
9.950000000000001 2.9963922687120523
10.05 3.0132809804805976
10.15 3.0107594873388517
10.25 3.008706861446233
10.350000000000001 2.9989127230743113
10.450000000000001 3.0127767787949042
10.55 3.019215780439113
10.65 3.0151647088854285
10.75 3.014538759806042
10.850000000000001 3.0341390463600653
10.950000000000001 3.021444057850039
11.05 3.0138188633646665
11.15 3.0483599576197715
11.25 3.0811164495265655
11.350000000000001 3.105178941290061
11.450000000000001 3.1343335692210235
11.55 3.170092595216227
11.65 3.2306635840668223
11.75 3.2855339141684783
11.850000000000001 3.361687420134663
11.950000000000001 3.435169149119629
12.05 3.4744268340086144
12.15 3.543576959582698
12.25 3.532656987178098
12.350000000000001 3.5493990250992375
12.450000000000001 3.5184864104532
12.55 3.47112995733227
12.65 3.414267106720232
12.75 3.3279076306337823
12.850000000000001 3.2506549445072728
12.950000000000001 3.153051711685788
13.05 3.0526590130390416
13.15 2.9408997351565276
13.25 2.8281183820812514
13.350000000000001 2.744632184973643
13.450000000000001 2.648954318236694
13.55 2.5358261052807407
13.65 2.468137128537215
13.75 2.384514449948095
13.850000000000001 2.3093435695592186
13.950000000000001 2.2354980526828574
14.05 2.196929409556476
14.15 2.144393540755997
14.25 2.088420638529147
14.350000000000001 2.031974411751968
14.450000000000001 2.004093636667415
14.55 1.9554796702791815
14.65 1.9142850014140174
14.75 1.8739827069954567
14.850000000000001 1.836018973740466
14.950000000000001 1.792947471511398
15.05 1.751484052170135
15.15 1.7290891548120946
15.25 1.6785121560832068
15.350000000000001 1.6502830406619624
15.450000000000001 1.6059010310403878
15.55 1.5856901803899086
15.65 1.5517812343510284
15.75 1.518696682136226
15.850000000000001 1.495390211484848
15.950000000000001 1.45484789146187
16.05 1.438795822121524
16.150000000000002 1.4134574568958327
16.25 1.3942649824194888
16.35 1.372181756797759
16.45 1.3468490312943784
16.55 1.3183866312082897
16.650000000000002 1.307437085693454
16.75 1.2704189734427873
16.85 1.2541046974701413
16.95 1.2296189851997472
17.05 1.2142699868418547
17.150000000000002 1.186249300956173
17.25 1.1683913011119729
17.35 1.1417085718924231
17.45 1.131452905058274
17.55 1.11032176482724
17.650000000000002 1.1045357792852852
17.75 1.0901834066862974
17.85 1.0725834430935839
17.95 1.0578656577512608
18.05 1.053121118883359
18.150000000000002 1.0367831624076613
18.25 1.0237749178889166
18.35 1.0156635638899578
18.45 1.0033460023227796
18.55 0.9841012685852357
18.650000000000002 0.9768502232972894
18.75 0.9694619584727844
18.85 0.9515058694709309
18.95 0.9430132314315788
19.05 0.934380389884844
19.150000000000002 0.9212716047726051
19.25 0.910628333386833
19.35 0.9031121113088896
19.450000000000003 0.8897329163509946
19.55 0.8799453174333957
19.650000000000002 0.8750843196747408
19.75 0.8716357265881778
19.85 0.8600097893130969
19.950000000000003 0.8570661242734138
20.05 0.8460908377255565
20.150000000000002 0.8402630865404292
20.25 0.8403474357131617
20.35 0.8324909646982741
20.450000000000003 0.832476661591372
20.55 0.8165045134971074
20.650000000000002 0.813560861355106
20.75 0.8046174208712787
20.85 0.8037814729084488
20.950000000000003 0.7992955183200536
21.05 0.7899565755290335
21.150000000000002 0.7901901488118483
21.25 0.7824272832820756
21.35 0.7788621931683906
21.450000000000003 0.7738331628664454
21.55 0.7722878478031063
21.650000000000002 0.7705965508614245
21.75 0.7621252113211918
21.85 0.762330101133738
21.950000000000003 0.7560498941043446
22.05 0.7569145633748584
22.150000000000002 0.7515448144910332
22.25 0.7544415843053008
22.35 0.749924667141175
22.450000000000003 0.748622953806075
22.55 0.7474602517100266
22.650000000000002 0.7497957726986606
22.75 0.740231900844742
22.85 0.7410086687026054
22.950000000000003 0.738724938494097
23.05 0.7352197105044952
23.150000000000002 0.7354602281131212
23.25 0.7328486493659374
23.35 0.7280376260422137
23.450000000000003 0.7357378830702966
23.55 0.7290911488881023
23.650000000000002 0.7324105518025348
23.75 0.7312899886250976
23.85 0.7305909569491273
23.950000000000003 0.7287307203953282
24.05 0.7303823569882378
24.150000000000002 0.7289778722371552
24.25 0.7314066854179244
24.35 0.7314045112668999
24.450000000000003 0.7294263861653186
24.55 0.7289889706157031
24.650000000000002 0.7328700863398769
24.75 0.7326099052293864
24.85 0.7306192097191786
24.950000000000003 0.7352805459943957
25.05 0.7361850405736172

