0.05 0.0
0.15000000000000002 0.0
0.25 0.0
0.35000000000000003 0.0
0.45 0.0
0.55 0.0
0.65 0.0
0.75 0.0
0.8500000000000001 0.0
0.9500000000000001 0.0
1.05 0.0
1.1500000000000001 0.0
1.25 0.0
1.35 0.0
1.4500000000000002 0.0
1.55 0.0
1.6500000000000001 0.0
1.75 0.0
1.85 0.0
1.9500000000000002 0.0
2.0500000000000003 0.0
2.15 0.0
2.25 0.0
2.35 0.0
2.45 0.0
2.5500000000000003 0.0
2.6500000000000004 0.0
2.75 0.0
2.85 0.0
2.95 0.0
3.0500000000000003 0.0
3.1500000000000004 0.0024753630273019324
3.25 0.01085524321063684
3.35 0.04230749987823102
3.45 0.12624554496134766
3.5500000000000003 0.2559743373136027
3.6500000000000004 0.5162464279968304
3.75 0.7924232401685963
3.85 1.142058067016345
3.95 1.528169216914393
4.05 1.8685275474749166
4.15 2.198714244712425
4.25 2.527693381196147
4.3500000000000005 2.8401456278069754
4.45 3.051338019868396
4.55 3.2703141855861864
4.65 3.530526714029139
4.75 3.7446465381137712
4.8500000000000005 3.9557202076436724
4.95 4.116268007601992
5.050000000000001 4.272745511093579
5.15 4.311753134291237
5.25 4.331273766114436
5.3500000000000005 4.382506616319658
5.45 4.3641091244397785
5.550000000000001 4.372574186421165
5.65 4.3517157189696185
5.75 4.341026831258122
5.8500000000000005 4.276946454616722
5.95 4.221224750761988
6.050000000000001 4.220211653685621
6.15 4.144339275031029
6.25 4.148397539420306
6.3500000000000005 4.104239179725586
6.45 4.05291668152432
6.550000000000001 4.058856738580772
6.65 4.034443772550586
6.75 3.9962887522761994
6.8500000000000005 4.022912433339015
6.95 3.968576436620418
7.050000000000001 3.9108590050015684
7.15 3.8808237381091337
7.25 3.862417702319468
7.3500000000000005 3.8653729652846045
7.45 3.7801567524297823
7.550000000000001 3.7596665260838265
7.65 3.729143476178122
7.75 3.6758052508043617
7.8500000000000005 3.6921566137070077
7.95 3.5958195413141896
8.05 3.572737764161596
8.15 3.579786590567533
8.25 3.5387124594176056
8.35 3.495585161528526
8.450000000000001 3.5128770558481786
8.55 3.4886740614167797
8.65 3.481482939845477
8.75 3.43268206536941
8.85 3.4112228897918198
8.950000000000001 3.410880585370595
9.05 3.3979487257174275
9.15 3.3902650004097215
9.25 3.379971403861533
9.35 3.357926313416241
9.450000000000001 3.343251409222762
9.55 3.3261447944552924
9.65 3.322101239433334
9.75 3.3412069775848594
9.850000000000001 3.308488299286944
9.950000000000001 3.3105987521393643
10.05 3.3039618394664543
10.15 3.3179536847809388
10.25 3.3065728453593404
10.350000000000001 3.327189367927824
10.450000000000001 3.3510243659825765
10.55 3.385095258091044
10.65 3.4269366623846995
10.75 3.485010466240611
10.850000000000001 3.5390877655228574
10.950000000000001 3.5986592882909236
11.05 3.6500133623640396
11.15 3.695052513601129
11.25 3.7817702631246153
11.350000000000001 3.815009780061775
11.450000000000001 3.8583453152003635
11.55 3.832569733259558
11.65 3.8249350476908197
11.75 3.7954123763847996
11.850000000000001 3.7495581561336344
11.950000000000001 3.7039770013823983
12.05 3.631074824226176
12.15 3.531618646786031
12.25 3.466383485813111
12.350000000000001 3.3631703532484134
12.450000000000001 3.2653088846891825
12.55 3.1677798920448956
12.65 3.052974218586888
12.75 2.9613883915807913
12.850000000000001 2.870928628126262
12.950000000000001 2.7807449230241486
13.05 2.6923735173351546
13.15 2.6102416099866326
13.25 2.5366245284370006
13.350000000000001 2.4546043554454036
13.450000000000001 2.393570357147586
13.55 2.3320923923910177
13.65 2.267331654767812
13.75 2.212850916352459
13.850000000000001 2.1454107307688366
13.950000000000001 2.1007757788549792
14.05 2.0427468810316753
14.15 1.996589095145966
14.25 1.952752182405646
14.350000000000001 1.9144148594713128
14.450000000000001 1.8648713568884845
14.55 1.829504054185954
14.65 1.7831027664868286
14.75 1.750694740729449
14.850000000000001 1.7120618512294172
14.950000000000001 1.6840679472606015
15.05 1.652009459314932
15.15 1.602651518867303
15.25 1.568576635108194
15.350000000000001 1.5503150372425074
15.450000000000001 1.5174992825105584
15.55 1.4732617102471544
15.65 1.4471499650570314
15.75 1.4206837740133598
15.850000000000001 1.3946838064772749
15.950000000000001 1.3714701218879708
16.05 1.3409230529498979
16.150000000000002 1.326195220642998
16.25 1.2913065323142998
16.35 1.2861536743037714
16.45 1.258361571812419
16.55 1.2456203399327894
16.650000000000002 1.2270990298678848
16.75 1.2094555217354759
16.85 1.1892369802024656
16.95 1.1774502216048939
17.05 1.1512093167685855
17.150000000000002 1.1334169625102364
17.25 1.1224576185280206
17.35 1.113893161841781
17.45 1.087233133421361
17.55 1.0729346448687052
17.650000000000002 1.058110399087348
17.75 1.0478128001549862
17.85 1.0270086574206423
17.95 1.0104520149457619
18.05 1.0025070686588338
18.150000000000002 0.9965326720564084
18.25 0.9781147479393636
18.35 0.9658272932937808
18.45 0.9513626763149035
18.55 0.9464795953442349
18.650000000000002 0.939266107495819
18.75 0.9226999517515673
18.85 0.9157251511803356
18.95 0.9054345146131024
19.05 0.8969353584048689
19.150000000000002 0.8899775367193875
19.25 0.8802307629676632
19.35 0.8656661593220784
19.450000000000003 0.8607527819206546
19.55 0.8505787071757515
19.650000000000002 0.8451814796050471
19.75 0.8317569493007467
19.85 0.8262273893474079
19.950000000000003 0.8186997145768609
20.05 0.8152649438958361
20.150000000000002 0.805141695666647
20.25 0.7962865427777267
20.35 0.7932377489794252
20.450000000000003 0.7845198332059452
20.55 0.7812995190085733
20.650000000000002 0.7747197718500622
20.75 0.7683959296851639
20.85 0.7665221758479711
20.950000000000003 0.7687093802245896
21.05 0.7530937394602072
21.150000000000002 0.7519959706021347
21.25 0.749628558253523
21.35 0.7438271070419133
21.450000000000003 0.7436987202673323
21.55 0.7341124285504849
21.650000000000002 0.73160174909733
21.75 0.7299099467655217
21.85 0.7275711090943232
21.950000000000003 0.7205526640125565
22.05 0.7206672357184474
22.150000000000002 0.7147282624313243
22.25 0.7198194032979938
22.35 0.7157174668475372
22.450000000000003 0.7082100642948267
22.55 0.7062356270905941
22.650000000000002 0.7098815367599156
22.75 0.706485917405172
22.85 0.7030752085591795
22.950000000000003 0.6996003015146398
23.05 0.7007601501726695
23.150000000000002 0.7017734697608978
23.25 0.7020480051050061
23.35 0.7009108296464825
23.450000000000003 0.693692019641496
23.55 0.6965206581042429
23.650000000000002 0.6975443209010512
23.75 0.6927191946209132
23.85 0.6874719603894858
23.950000000000003 0.6916172803866618
24.05 0.690822400324362
24.150000000000002 0.6954852227575739
24.25 0.6899242618464958
24.35 0.6911773869210583
24.450000000000003 0.6928566011996531
24.55 0.695251716070833
24.650000000000002 0.693650390131405
24.75 0.6885378011241836
24.85 0.6958241812639728
24.950000000000003 0.6956285263476117
25.05 0.6968042958458828

