0.05 0.0
0.15000000000000002 0.0
0.25 0.0
0.35000000000000003 0.0
0.45 0.0
0.55 0.0
0.65 0.0
0.75 0.0
0.8500000000000001 0.0
0.9500000000000001 0.0
1.05 0.0
1.1500000000000001 0.0
1.25 0.0
1.35 0.0
1.4500000000000002 0.0
1.55 0.0
1.6500000000000001 0.0
1.75 0.0
1.85 0.0
1.9500000000000002 0.0
2.0500000000000003 0.0
2.15 0.0
2.25 0.0
2.35 0.0
2.45 0.0
2.5500000000000003 0.0
2.6500000000000004 0.0
2.75 0.0005426609282328001
2.85 0.0005060499298921053
2.95 0.0032902508126014932
3.0500000000000003 0.006602060965767309
3.1500000000000004 0.0350725167560286
3.25 0.11588969833157227
3.35 0.33705957432847466
3.45 0.7353489705235549
3.5500000000000003 1.2701171066733001
3.6500000000000004 1.8808772125038302
3.75 2.4637787393149475
3.85 2.958415830577484
3.95 3.3521169140227993
4.05 3.5562638032535476
4.15 3.735153675808201
4.25 3.8285957127285326
4.3500000000000005 3.962830599997198
4.45 3.9970583325895954
4.55 4.07282364057643
4.65 4.133219669909177
4.75 4.142877175534867
4.8500000000000005 4.230432450698227
4.95 4.233520409299759
5.050000000000001 4.348437536571599
5.15 4.3952721960253625
5.25 4.403025395322271
5.3500000000000005 4.40322968851545
5.45 4.372559507227944
5.550000000000001 4.423734645053291
5.65 4.374645732091032
5.75 4.396025159650447
5.8500000000000005 4.330886116253763
5.95 4.314063879344015
6.050000000000001 4.21409223237954
6.15 4.144154270976006
6.25 4.139379313265448
6.3500000000000005 4.086789771199854
6.45 4.038636877714012
6.550000000000001 4.00566864534998
6.65 3.953459601713711
6.75 3.940808951775271
6.8500000000000005 3.9070440356935214
6.95 3.8682403792296247
7.050000000000001 3.840667395140807
7.15 3.804355467114415
7.25 3.7751469215633406
7.3500000000000005 3.7436395230832007
7.45 3.731392072890215
7.550000000000001 3.6806439552708805
7.65 3.6481035618554123
7.75 3.665683966439015
7.8500000000000005 3.6129759232012084
7.95 3.597673029353529
8.05 3.5788950515136615
8.15 3.5444787987077
8.25 3.540872363525804
8.35 3.5248386929490145
8.450000000000001 3.509997267797898
8.55 3.462097366282154
8.65 3.4539348812844173
8.75 3.4603809411208744
8.85 3.4492382905340357
8.950000000000001 3.445778190273551
9.05 3.4528590169316136
9.15 3.4477632637340965
9.25 3.4246618463806353
9.35 3.4481815644491367
9.450000000000001 3.428162119432085
9.55 3.433582684763711
9.65 3.4300527719326994
9.75 3.4390229525381537
9.850000000000001 3.389559551528911
9.950000000000001 3.4066590362723295
10.05 3.4104356530783515
10.15 3.453274130774346
10.25 3.462627571984119
10.350000000000001 3.516740495393956
10.450000000000001 3.567373068360149
10.55 3.632662965496384
10.65 3.720533592057407
10.75 3.797108945150591
10.850000000000001 3.8809302460235484
10.950000000000001 3.987117218643794
11.05 4.051043302584376
11.15 4.05076452647532
11.25 4.036268520307647
11.350000000000001 3.988974140378266
11.450000000000001 3.9026245936039445
11.55 3.7983369267642932
11.65 3.702458142878427
11.75 3.566722478839758
11.850000000000001 3.4846118813533673
11.950000000000001 3.391612049218092
12.05 3.2891556350033
12.15 3.193950366269485
12.25 3.1097443641130504
12.350000000000001 3.0523364446893146
12.450000000000001 2.9758906929616478
12.55 2.882446771176037
12.65 2.831193510616006
12.75 2.76334667805721
12.850000000000001 2.72397654223844
12.950000000000001 2.6345048287382986
13.05 2.5630030707221922
13.15 2.4929561237713034
13.25 2.4342736993041725
13.350000000000001 2.350570854915059
13.450000000000001 2.2867288376946595
13.55 2.216864430918466
13.65 2.1518987357618733
13.75 2.0943078072777026
13.850000000000001 2.0321629191079578
13.950000000000001 1.9870525263935777
14.05 1.9450441671787018
14.15 1.8903257269856664
14.25 1.8720771859748466
14.350000000000001 1.82738675176273
14.450000000000001 1.8030760668387162
14.55 1.779386245752396
14.65 1.748418479289108
14.75 1.706861947459849
14.850000000000001 1.6806008116049613
14.950000000000001 1.6604784792185263
15.05 1.6281188415060128
15.15 1.6104227126173494
15.25 1.5637173278237049
15.350000000000001 1.5286005928097508
15.450000000000001 1.5008965509785546
15.55 1.4698207641188372
15.65 1.4462853859784572
15.75 1.4280947476573345
15.850000000000001 1.396625159823086
15.950000000000001 1.370217035044395
16.05 1.3525347887395103
16.150000000000002 1.334012105043068
16.25 1.3083729068225125
16.35 1.2975813086781305
16.45 1.2794131483487494
16.55 1.2587759166483077
16.650000000000002 1.245823097337717
16.75 1.2210142966368551
16.85 1.2105038856603414
16.95 1.1872416736223999
17.05 1.1657832311334604
17.150000000000002 1.1502900913355871
17.25 1.1361858878373363
17.35 1.1137979244831544
17.45 1.1034001625631091
17.55 1.0787963532119955
17.650000000000002 1.0714886969431354
17.75 1.0540031571063642
17.85 1.040506545521037
17.95 1.0288755509848275
18.05 1.011476381963345
18.150000000000002 0.9976976210349516
18.25 1.0025868128319573
18.35 0.9836264146144263
18.45 0.9746097194115803
18.55 0.9654564420945573
18.650000000000002 0.9515015967751602
18.75 0.9435568046050642
18.85 0.9371271773577636
18.95 0.9239774084550835
19.05 0.9137632506632609
19.150000000000002 0.906264738942222
19.25 0.8939358762722053
19.35 0.8961708874770229
19.450000000000003 0.8833007105803395
19.55 0.8679513187084587
19.650000000000002 0.8591887932862461
19.75 0.8556702553571407
19.85 0.854543670048195
19.950000000000003 0.8445624601124928
20.05 0.8326908156578398
20.150000000000002 0.8338671532495722
20.25 0.8265474472213564
20.35 0.8164300646295043
20.450000000000003 0.8186282341124939
20.55 0.8116732217506049
20.650000000000002 0.8092899853028994
20.75 0.8033122514310054
20.85 0.7976230227528878
20.950000000000003 0.7960633006641079
21.05 0.7928080086127443
21.150000000000002 0.7878390613894828
21.25 0.7779917732700219
21.35 0.7822470201395995
21.450000000000003 0.7763796920690701
21.55 0.7707101968640849
21.650000000000002 0.7669460510141941
21.75 0.7634448825842797
21.85 0.76453365337611
21.950000000000003 0.7585443955408844
22.05 0.754974321275255
22.150000000000002 0.7515711109770497
22.25 0.7538724503460501
22.35 0.7492078249708459
22.450000000000003 0.7449139545444714
22.55 0.7481168988191443
22.650000000000002 0.740395049036458
22.75 0.7397286788058132
22.85 0.7376536589622243
22.950000000000003 0.7441792331456786
23.05 0.7378022701920326
23.150000000000002 0.7339060816142807
23.25 0.7367016119138249
23.35 0.729420630304861
23.450000000000003 0.7319172105715993
23.55 0.7303696748754589
23.650000000000002 0.7273625993773881
23.75 0.7283613168443297
23.85 0.7287751493415819
23.950000000000003 0.7290347545050895
24.05 0.7296369825844446
24.150000000000002 0.7291577589477657
24.25 0.7283220892653893
24.35 0.7258959501409707
24.450000000000003 0.7254299201363511
24.55 0.7270451435800521
24.650000000000002 0.7274334529798941
24.75 0.7243831549305936
24.85 0.7304368344278175
24.950000000000003 0.7296643704005173
25.05 0.7349616128077469

