0.05 0.0
0.15000000000000002 0.0
0.25 0.0
0.35000000000000003 0.0
0.45 0.0
0.55 0.0
0.65 0.0
0.75 0.0
0.8500000000000001 0.0
0.9500000000000001 0.0
1.05 0.0
1.1500000000000001 0.0
1.25 0.0
1.35 0.0
1.4500000000000002 0.0
1.55 0.0
1.6500000000000001 0.0
1.75 0.0
1.85 0.0
1.9500000000000002 0.0
2.0500000000000003 0.0
2.15 0.0
2.25 0.0
2.35 0.0
2.45 0.0
2.5500000000000003 0.0006312781967565148
2.6500000000000004 0.0
2.75 0.0
2.85 0.000503585674070043
2.95 0.0004712350536634952
3.0500000000000003 0.0004408436851004609
3.1500000000000004 0.006608067183235857
3.25 0.03062803675873089
3.35 0.10287071922195361
3.45 0.20399076081657877
3.5500000000000003 0.36646941235092717
3.6500000000000004 0.571870034682814
3.75 0.814618632285915
3.85 1.1040519380414342
3.95 1.35219103136767
4.05 1.540809863274621
4.15 1.7633628506257921
4.25 2.0077988043805073
4.3500000000000005 2.3526593716999256
4.45 2.6260502652746753
4.55 2.9725657959665823
4.65 3.3289828621670043
4.75 3.6077076013144174
4.8500000000000005 3.8936085820573285
4.95 4.095933583415284
5.050000000000001 4.259113212576811
5.15 4.358569996019824
5.25 4.455319091616879
5.3500000000000005 4.466489800407985
5.45 4.476301086412406
5.550000000000001 4.53867445925166
5.65 4.460777456853939
5.75 4.4832490341975175
5.8500000000000005 4.441543584373873
5.95 4.391554294854812
6.050000000000001 4.384659388231049
6.15 4.318811853742958
6.25 4.271527703023447
6.3500000000000005 4.253025647664393
6.45 4.199000789271548
6.550000000000001 4.156402775141798
6.65 4.10387275448864
6.75 4.056727875208993
6.8500000000000005 4.043205883234179
6.95 3.969339748005618
7.050000000000001 3.974605859433086
7.15 3.9280452830351744
7.25 3.8794318144536377
7.3500000000000005 3.827922575454319
7.45 3.828266544728928
7.550000000000001 3.7681493689074443
7.65 3.7402773997773284
7.75 3.695316458527196
7.8500000000000005 3.640361887891158
7.95 3.634988085275485
8.05 3.615296961841714
8.15 3.5739365159116905
8.25 3.562295687666815
8.35 3.5347957299438586
8.450000000000001 3.489149768229057
8.55 3.468891580073525
8.65 3.4468931704019927
8.75 3.436152672306166
8.85 3.427902300985869
8.950000000000001 3.3975115427792226
9.05 3.404715648778533
9.15 3.3961312510015897
9.25 3.352318194427482
9.35 3.3497524320469663
9.450000000000001 3.3535046480693276
9.55 3.3434909586988892
9.65 3.341080614063732
9.75 3.3091882047335393
9.850000000000001 3.3167603732331865
9.950000000000001 3.3178619203406687
10.05 3.324428501545729
10.15 3.317690577075954
10.25 3.3174832179038973
10.350000000000001 3.3495427109795797
10.450000000000001 3.3615923421028135
10.55 3.390679829862635
10.65 3.4064894416844984
10.75 3.486672953923566
10.850000000000001 3.511869709527514
10.950000000000001 3.567408499783587
11.05 3.6157328894370875
11.15 3.633755796538997
11.25 3.6959571751170928
11.350000000000001 3.7156268023060828
11.450000000000001 3.755813522273662
11.55 3.781116009805611
11.65 3.771659031137723
11.75 3.789696800253818
11.850000000000001 3.788040209806466
11.950000000000001 3.7653784287004863
12.05 3.7360663711678943
12.15 3.66645594207407
12.25 3.6039844829987855
12.350000000000001 3.5004809675160358
12.450000000000001 3.401752823287911
12.55 3.28147187697062
12.65 3.159566824522309
12.75 3.061494411171402
12.850000000000001 2.9534002792481004
12.950000000000001 2.8537451680028285
13.05 2.769430586116366
13.15 2.662589762555341
13.25 2.583865661309629
13.350000000000001 2.494197933236187
13.450000000000001 2.4163899960327826
13.55 2.361351769510754
13.65 2.2737564528208076
13.75 2.20702290137531
13.850000000000001 2.1428754564106205
13.950000000000001 2.0879502513210357
14.05 2.028600028652719
14.15 1.983635203579881
14.25 1.929427098900773
14.350000000000001 1.8861222606692005
14.450000000000001 1.8469701761397925
14.55 1.8114618730062704
14.65 1.7757589248866095
14.75 1.7215588172269087
14.850000000000001 1.682136264788732
14.950000000000001 1.65613059976016
15.05 1.6281243038214768
15.15 1.5940233111154283
15.25 1.56044897698055
15.350000000000001 1.5260094396905424
15.450000000000001 1.491173360931526
15.55 1.4724250151522877
15.65 1.446309511491921
15.75 1.4168054194863418
15.850000000000001 1.3898504320774934
15.950000000000001 1.3631991665580734
16.05 1.3381946853938211
16.150000000000002 1.3136495380927997
16.25 1.302013307922138
16.35 1.285788801629687
16.45 1.2578654281593364
16.55 1.2438845395159905
16.650000000000002 1.2286704855668849
16.75 1.2075606179514842
16.85 1.1803115409983884
16.95 1.1678659031605172
17.05 1.1492996598451404
17.150000000000002 1.1279063890222956
17.25 1.1182306340353068
17.35 1.0950773222660704
17.45 1.0792103409694545
17.55 1.0666075544074098
17.650000000000002 1.0502508485712334
17.75 1.0412254378406014
17.85 1.0199618199907579
17.95 1.0172513223670319
18.05 0.9954853702118305
18.150000000000002 0.9888543420401942
18.25 0.9745895578765349
18.35 0.9608683209111543
18.45 0.9489173785821989
18.55 0.94364282884248
18.650000000000002 0.9245960505825614
18.75 0.9229477120331964
18.85 0.910459732387852
18.95 0.898184644268292
19.05 0.8882127460535837
19.150000000000002 0.8787032912781191
19.25 0.869223974802528
19.35 0.8596656294716173
19.450000000000003 0.8454242088541679
19.55 0.8381682406142897
19.650000000000002 0.8324023681186514
19.75 0.8247340565439469
19.85 0.8144674373220389
19.950000000000003 0.8142050056498406
20.05 0.8034810634008234
20.150000000000002 0.797298740642654
20.25 0.7931406446418235
20.35 0.7833984383267304
20.450000000000003 0.7783427504014915
20.55 0.7718479387333332
20.650000000000002 0.7685939606916339
20.75 0.7577469370716778
20.85 0.7556684232632176
20.950000000000003 0.74822718174893
21.05 0.7441592649103809
21.150000000000002 0.7398857848282605
21.25 0.7349538942540818
21.35 0.728208061909418
21.450000000000003 0.7267676914302114
21.55 0.7198910403921017
21.650000000000002 0.7145150954409235
21.75 0.7144551164714481
21.85 0.7071971740379354
21.950000000000003 0.7091616256144485
22.05 0.6977744076989981
22.150000000000002 0.7057473877056197
22.25 0.6985942181752981
22.35 0.6990700443568784
22.450000000000003 0.6946472090007596
22.55 0.6913808462251436
22.650000000000002 0.6919117241674089
22.75 0.6901385348243415
22.85 0.6841580172857915
22.950000000000003 0.6859360459757414
23.05 0.680911582314698
23.150000000000002 0.6792473969428966
23.25 0.6811162622773558
23.35 0.6765990445248011
23.450000000000003 0.677265912017081
23.55 0.6806160611241872
23.650000000000002 0.673587119652382
23.75 0.6753844705280808
23.85 0.6747327598377293
23.950000000000003 0.6777632422214938
24.05 0.6726862515320439
24.150000000000002 0.6705577403309493
24.25 0.6750298445889711
24.35 0.6723438469810882
24.450000000000003 0.6758470510269999
24.55 0.6774775757803264
24.650000000000002 0.6742025822615936
24.75 0.6735921355654101
24.85 0.6787195740092741
24.950000000000003 0.6804183656087366
25.05 0.6795515055554022

