0.05 0.0
0.15000000000000002 0.0
0.25 0.0
0.35000000000000003 0.0
0.45 0.0
0.55 0.0
0.65 0.0
0.75 0.0
0.8500000000000001 0.0
0.9500000000000001 0.0
1.05 0.0
1.1500000000000001 0.0
1.25 0.0
1.35 0.0
1.4500000000000002 0.0
1.55 0.0
1.6500000000000001 0.0
1.75 0.0
1.85 0.0
1.9500000000000002 0.0
2.0500000000000003 0.0
2.15 0.0
2.25 0.0
2.35 0.0
2.45 0.0
2.5500000000000003 0.0
2.6500000000000004 0.0
2.75 0.0
2.85 0.0005036625798505265
2.95 0.0
3.0500000000000003 0.002195029866104666
3.1500000000000004 0.01279579398553108
3.25 0.05154788035485209
3.35 0.18674956919759192
3.45 0.4880057679167887
3.5500000000000003 0.9114787616953277
3.6500000000000004 1.6167216778526572
3.75 2.2751710904137936
3.85 2.834198916789644
3.95 3.2736676141778553
4.05 3.4760320581821986
4.15 3.6453795951735852
4.25 3.7984320323749414
4.3500000000000005 3.990892731465046
4.45 4.20921307103539
4.55 4.342056703711645
4.65 4.576868108028102
4.75 4.759445641553611
4.8500000000000005 4.964891818905883
4.95 5.041683480531317
5.050000000000001 5.143401699328463
5.15 5.0908812631588045
5.25 5.058243114691588
5.3500000000000005 4.962162343756408
5.45 4.935886230349504
5.550000000000001 4.820079497047733
5.65 4.763971972900178
5.75 4.7032641720807895
5.8500000000000005 4.654748397970957
5.95 4.617713359481682
6.050000000000001 4.526859358986936
6.15 4.5197335064171975
6.25 4.461685139104886
6.3500000000000005 4.383066144045292
6.45 4.384651154229963
6.550000000000001 4.344678096952223
6.65 4.299257616825776
6.75 4.262275903083746
6.8500000000000005 4.196556613092399
6.95 4.162291968707822
7.050000000000001 4.121746911668528
7.15 4.117071432525139
7.25 4.058943815618773
7.3500000000000005 3.993811846492022
7.45 3.9569915796086783
7.550000000000001 3.8854856567868112
7.65 3.8272022527760026
7.75 3.810263938706551
7.8500000000000005 3.812895995909306
7.95 3.754964545503144
8.05 3.7458995549635414
8.15 3.712576307529444
8.25 3.7291560797505467
8.35 3.7108118936293106
8.450000000000001 3.7019555488361964
8.55 3.6810968148121863
8.65 3.6830961695824267
8.75 3.6023689767328233
8.85 3.605949867513656
8.950000000000001 3.584615265867581
9.05 3.5976367247574284
9.15 3.5538413840194645
9.25 3.5379364568853813
9.35 3.566286162106934
9.450000000000001 3.5502500806678667
9.55 3.5476797426150224
9.65 3.52246533509923
9.75 3.506528195912986
9.850000000000001 3.5376832205626982
9.950000000000001 3.496339429246413
10.05 3.5141513412748244
10.15 3.540219956332107
10.25 3.5456672658303576
10.350000000000001 3.609942339136249
10.450000000000001 3.6766258256821422
10.55 3.7135911960078354
10.65 3.8160730840664683
10.75 3.9007283513546396
10.850000000000001 4.001554988020355
10.950000000000001 4.062632563874699
11.05 4.193414761290218
11.15 4.212002592914407
11.25 4.204431357173432
11.350000000000001 4.169964225832202
11.450000000000001 4.07638776598387
11.55 4.02440018239854
11.65 3.9124595889124385
11.75 3.8268315967493125
11.850000000000001 3.7780697537789494
11.950000000000001 3.6686345717223228
12.05 3.5763110053633946
12.15 3.482320220949336
12.25 3.361973047037121
12.350000000000001 3.240117681020535
12.450000000000001 3.1177001318565196
12.55 2.999116603486981
12.65 2.900741074259053
12.75 2.8140330869070063
12.850000000000001 2.742077181971768
12.950000000000001 2.638688842522476
13.05 2.573988001502364
13.15 2.489405107306703
13.25 2.4109512069052856
13.350000000000001 2.346363618830569
13.450000000000001 2.268414466852068
13.55 2.201974120599841
13.65 2.136087179535917
13.75 2.057647437460456
13.850000000000001 2.011220959810269
13.950000000000001 1.9602486382129787
14.05 1.9203989927145537
14.15 1.8736461722317665
14.25 1.8362438808445365
14.350000000000001 1.8054563099629304
14.450000000000001 1.780423772143889
14.55 1.7417273532573263
14.65 1.7127858321222895
14.75 1.6783138862887432
14.850000000000001 1.6552609036599362
14.950000000000001 1.62397148792467
15.05 1.5914078583769635
15.15 1.5698775097998419
15.25 1.518630588584813
15.350000000000001 1.4802747714642208
15.450000000000001 1.455263218911254
15.55 1.425927741847138
15.65 1.3890116994836104
15.75 1.3658029378996215
15.850000000000001 1.3423072086885288
15.950000000000001 1.3074420739582344
16.05 1.301477221540746
16.150000000000002 1.2822801067036598
16.25 1.2637336598388853
16.35 1.24663786787635
16.45 1.2227181195572028
16.55 1.2127237187571986
16.650000000000002 1.20026565215262
16.75 1.1783038537844097
16.85 1.1630416415571911
16.95 1.1483059832516225
17.05 1.128364909626115
17.150000000000002 1.1118012864240925
17.25 1.0884261217658975
17.35 1.0739197546283363
17.45 1.0537455917780587
17.55 1.043581511885656
17.650000000000002 1.030877515889012
17.75 1.009818193369631
17.85 0.994695814851921
17.95 0.983351706508163
18.05 0.968415278954408
18.150000000000002 0.9568680182714322
18.25 0.9494861736735163
18.35 0.9357897010207731
18.45 0.9279685357096069
18.55 0.9154930179305976
18.650000000000002 0.9062453850239829
18.75 0.8995362029916975
18.85 0.8860780806703225
18.95 0.8811064629391301
19.05 0.8715509687313497
19.150000000000002 0.8556221382669271
19.25 0.84443754280377
19.35 0.8391179312780865
19.450000000000003 0.8237659786128829
19.55 0.8160803770415302
19.650000000000002 0.8059985328030999
19.75 0.7976802350030554
19.85 0.7956025453603389
19.950000000000003 0.7808529795729306
20.05 0.7816958820339989
20.150000000000002 0.7645707433992033
20.25 0.7596659013130078
20.35 0.7549763349203757
20.450000000000003 0.7438717344424615
20.55 0.7370054127722009
20.650000000000002 0.7299220384698214
20.75 0.7292273805197586
20.85 0.7287571845743896
20.950000000000003 0.7184344181783949
21.05 0.7080029358417331
21.150000000000002 0.7052267658143351
21.25 0.7036561365295423
21.35 0.6947308132318983
21.450000000000003 0.688414796115012
21.55 0.6842776078706673
21.650000000000002 0.6809889392948162
21.75 0.6772985757469286
21.85 0.6672453347199657
21.950000000000003 0.6690280220857301
22.05 0.6635614343759862
22.150000000000002 0.6596197561505963
22.25 0.6578992898502137
22.35 0.6522649944336459
22.450000000000003 0.6495213483559883
22.55 0.647839416822011
22.650000000000002 0.6472162341856721
22.75 0.6447764671077107
22.85 0.6384980536785334
22.950000000000003 0.6357585145641281
23.05 0.6376200112277304
23.150000000000002 0.6349231373210038
23.25 0.6363808739953969
23.35 0.6311991202325704
23.450000000000003 0.6325198563875958
23.55 0.6259425866992098
23.650000000000002 0.6300518412568491
23.75 0.6283884117060451
23.85 0.6255742508818208
23.950000000000003 0.6252114774127641
24.05 0.6233538877404561
24.150000000000002 0.6262288934655835
24.25 0.6236151347860919
24.35 0.6225227069785816
24.450000000000003 0.6255286864208174
24.55 0.6244634859232192
24.650000000000002 0.6191079630356311
24.75 0.6268904177405372
24.85 0.62678381301103
24.950000000000003 0.629961225893479
25.05 0.6302765084235715

