0.05 0.0
0.15000000000000002 0.0
0.25 0.0
0.35000000000000003 0.0
0.45 0.0
0.55 0.0
0.65 0.0
0.75 0.0
0.8500000000000001 0.0
0.9500000000000001 0.0
1.05 0.0
1.1500000000000001 0.0
1.25 0.0
1.35 0.0
1.4500000000000002 0.0
1.55 0.0
1.6500000000000001 0.0
1.75 0.0
1.85 0.0
1.9500000000000002 0.0
2.0500000000000003 0.0
2.15 0.0
2.25 0.0
2.35 0.0
2.45 0.0
2.5500000000000003 0.0
2.6500000000000004 0.0
2.75 0.0
2.85 0.0
2.95 0.0
3.0500000000000003 0.0
3.1500000000000004 0.004653360321012754
3.25 0.05258107784360323
3.35 0.31315189079465655
3.45 1.3793303483563726
3.5500000000000003 3.3686263193316206
3.6500000000000004 6.7467616918381115
3.75 10.410000943168615
3.85 13.69146115392822
3.95 15.636511782671306
4.05 16.203694662975753
4.15 16.187139183998152
4.25 16.30192514668289
4.3500000000000005 15.866098265134129
4.45 15.757391395851837
4.55 15.93815679586313
4.65 15.977151037492007
4.75 16.243956396634374
4.8500000000000005 16.379054424520984
4.95 16.263309590822807
5.050000000000001 16.32185908485995
5.15 16.21538132947884
5.25 15.825073208619239
5.3500000000000005 15.155407990372895
5.45 14.900035264404808
5.550000000000001 14.480843070111042
5.65 14.14192375173225
5.75 13.936715261911333
5.8500000000000005 13.5727478549692
5.95 13.587437371876844
6.050000000000001 13.546735737426197
6.15 13.499780007365347
6.25 13.438553356972683
6.3500000000000005 13.219343803325119
6.45 12.806536199551832
6.550000000000001 12.960389583639351
6.65 12.751259255576825
6.75 12.667695046326862
6.8500000000000005 12.51192098703538
6.95 12.560726647657015
7.050000000000001 12.557917246952327
7.15 12.308823253491509
7.25 12.00651131204652
7.3500000000000005 12.026469612069496
7.45 11.493967679655048
7.550000000000001 11.282237855792928
7.65 11.006502436442743
7.75 10.856639756431857
7.8500000000000005 10.823836628095261
7.95 10.82385629317224
8.05 11.072684457240609
8.15 11.14336788068957
8.25 11.184195400695277
8.35 11.311068392946494
8.450000000000001 11.530931301211567
8.55 11.097849853989073
8.65 10.995007010844844
8.75 10.935361163648498
8.85 10.676942726995032
8.950000000000001 10.678784515128157
9.05 10.646383960291127
9.15 10.899241810658454
9.25 10.769661155178586
9.35 10.752902005843747
9.450000000000001 10.759895356923183
9.55 10.775701315479369
9.65 10.68438589169208
9.75 10.5914742944837
9.850000000000001 10.471423654256755
9.950000000000001 10.480065682869505
10.05 10.379496394630621
10.15 10.539407449750543
10.25 10.754292115466354
10.350000000000001 10.936053137530953
10.450000000000001 11.423337667885093
10.55 11.711716751993945
10.65 11.973059481469457
10.75 12.4741955270064
10.850000000000001 12.756972512977724
10.950000000000001 13.351271460826766
11.05 13.838243068043024
11.15 13.98963322144032
11.25 13.748962329184575
11.350000000000001 13.48913217614238
11.450000000000001 12.953401702190517
11.55 12.369666363681832
11.65 11.630284689500511
11.75 11.197776563066558
11.850000000000001 10.569503688814011
11.950000000000001 10.123135558056688
12.05 9.59037892617135
12.15 9.100088900505725
12.25 8.69559433705778
12.350000000000001 8.293851844897636
12.450000000000001 8.154833548040305
12.55 7.923678561257764
12.65 7.7392661123856294
12.75 7.704877482263227
12.850000000000001 7.6594951862197105
12.950000000000001 7.536600850211406
13.05 7.350715356572621
13.15 7.1980017502290545
13.25 7.049211635770378
13.350000000000001 6.7269975486952545
13.450000000000001 6.462096521505137
13.55 6.223182541280714
13.65 5.875195793698952
13.75 5.667910495598337
13.850000000000001 5.453119732478487
13.950000000000001 5.28278595633975
14.05 5.147609282845485
14.15 5.1862607973168044
14.25 5.155322142997026
14.350000000000001 5.0161983764317295
14.450000000000001 5.056278493233528
14.55 5.05355608664184
14.65 5.045256292900484
14.75 5.0601150666317665
14.850000000000001 4.960260414579336
14.950000000000001 4.954385584256179
15.05 4.829270245803436
15.15 4.72171934657371
15.25 4.605441653997026
15.350000000000001 4.47477558728735
15.450000000000001 4.347735236838512
15.55 4.139498368344644
15.65 3.9908290486292612
15.75 3.8825284445775132
15.850000000000001 3.7940016099656404
15.950000000000001 3.735216204218981
16.05 3.67018335096429
16.150000000000002 3.665881020586449
16.25 3.6536409489367663
16.35 3.7060451021825416
16.45 3.6788736527831336
16.55 3.6388703362302155
16.650000000000002 3.653031058016711
16.75 3.645720557594493
16.85 3.5729693918408527
16.95 3.499681483419986
17.05 3.4644502364645233
17.150000000000002 3.3450275844131814
17.25 3.283637876115194
17.35 3.2512212676066694
17.45 3.173532245409893
17.55 3.12550084288197
17.650000000000002 3.061586896553224
17.75 3.0316949922363534
17.85 2.972082193315513
17.95 2.8629993578721926
18.05 2.819590290708397
18.150000000000002 2.8047716156736904
18.25 2.7560849476226084
18.35 2.7257302771674192
18.45 2.7108583265467283
18.55 2.7353409035186758
18.650000000000002 2.77097731141696
18.75 2.7294511170034106
18.85 2.738290800599142
18.95 2.6967374769374897
19.05 2.6397731618060645
19.150000000000002 2.612621783364088
19.25 2.531154864620227
19.35 2.456430867613876
19.450000000000003 2.4443288827261638
19.55 2.4182717050814726
19.650000000000002 2.377567999295008
19.75 2.3600685689235066
19.85 2.318987663260154
19.950000000000003 2.315176920793245
20.05 2.2943896179815697
20.150000000000002 2.2430639699980133
20.25 2.202558870073989
20.35 2.169444265552799
20.450000000000003 2.147598283635359
20.55 2.1329800217034665
20.650000000000002 2.1077817544732054
20.75 2.0964495462385107
20.85 2.1048518710154203
20.950000000000003 2.082022105374336
21.05 2.0867497826584516
21.150000000000002 2.0488566463560156
21.25 2.042243062024328
21.35 1.999453043065326
21.450000000000003 1.963232299692621
21.55 1.9193226139139599
21.650000000000002 1.9201160332784126
21.75 1.8797975333300885
21.85 1.8663056768622637
21.950000000000003 1.8268825829985016
22.05 1.8018908110597345
22.150000000000002 1.7879078133677841
22.25 1.7811547239705
22.35 1.742440297752707
22.450000000000003 1.741577653381644
22.55 1.7186145134255446
22.650000000000002 1.6939465368261852
22.75 1.7013536753939937
22.85 1.6684257897266581
22.950000000000003 1.67026997769217
23.05 1.616583733584753
23.150000000000002 1.6307820409247267
23.25 1.5823036993209787
23.35 1.5754850328633327
23.450000000000003 1.5528594057043401
23.55 1.5596661357031638
23.650000000000002 1.5366634278549443
23.75 1.5217967171760918
23.85 1.525276000352073
23.950000000000003 1.475671599239122
24.05 1.4705968623544585
24.150000000000002 1.4449923701325764
24.25 1.4178262927306435
24.35 1.3856987939817804
24.450000000000003 1.3683481570148175
24.55 1.3584557190581559
24.650000000000002 1.340866350066521
24.75 1.321943498046682
24.85 1.3516472950763556
24.950000000000003 1.3306336335453148
25.05 1.3335165071341855

