0.05 0.0
0.15000000000000002 0.0
0.25 0.0
0.35000000000000003 0.0
0.45 0.0
0.55 0.0
0.65 0.0
0.75 0.0
0.8500000000000001 0.0
0.9500000000000001 0.0
1.05 0.0
1.1500000000000001 0.0
1.25 0.0
1.35 0.0
1.4500000000000002 0.0
1.55 0.0
1.6500000000000001 0.0
1.75 0.0
1.85 0.0
1.9500000000000002 0.0
2.0500000000000003 0.0
2.15 0.0
2.25 0.0
2.35 0.0
2.45 0.0
2.5500000000000003 0.0
2.6500000000000004 0.0
2.75 0.0
2.85 0.0
2.95 0.0
3.0500000000000003 0.0
3.1500000000000004 0.013999474017453153
3.25 0.14886466347312077
3.35 0.5646392300403761
3.45 1.4064032638896282
3.5500000000000003 3.203274357580892
3.6500000000000004 5.133186158797196
3.75 7.220545148750142
3.85 8.915364693614634
3.95 10.004683935702785
4.05 11.025826593265359
4.15 11.834531619713811
4.25 12.35380842863286
4.3500000000000005 13.197541285902753
4.45 13.701805856600751
4.55 13.843849097224737
4.65 14.336270250963434
4.75 14.707079305472249
4.8500000000000005 14.707446097999433
4.95 15.021824285302543
5.050000000000001 14.574336887620248
5.15 14.353057196707702
5.25 13.777037479129483
5.3500000000000005 14.293633836893674
5.45 13.560130776800424
5.550000000000001 13.479752590056888
5.65 13.242386574388076
5.75 13.174401568312291
5.8500000000000005 13.242213500905706
5.95 13.399016644740586
6.050000000000001 13.459389171180108
6.15 13.29286186219562
6.25 12.971588390029812
6.3500000000000005 12.867006870132277
6.45 12.682042281069599
6.550000000000001 12.850983375535273
6.65 12.467096164678297
6.75 12.449355633691196
6.8500000000000005 12.086072859331548
6.95 11.873362223143097
7.050000000000001 11.755040226377247
7.15 11.333597378401885
7.25 11.158538768748357
7.3500000000000005 11.394464527290749
7.45 11.094702923996737
7.550000000000001 11.05986978162981
7.65 10.886719633587301
7.75 10.78011503124251
7.8500000000000005 10.957130747011838
7.95 10.986964107324848
8.05 11.064282855345125
8.15 10.944981898725818
8.25 11.06014310121811
8.35 10.94997804575496
8.450000000000001 10.945267454242583
8.55 10.740045659904288
8.65 10.629224540479171
8.75 10.503225084795915
8.85 10.42193209442862
8.950000000000001 10.337939467332868
9.05 10.046895961861924
9.15 10.202920329342483
9.25 10.107278673898193
9.35 10.171305334949096
9.450000000000001 10.145825546780602
9.55 10.263575659481184
9.65 10.21280625131428
9.75 10.164963181226174
9.850000000000001 10.15151137060748
9.950000000000001 10.433972694151125
10.05 10.48363291932412
10.15 10.412095104512094
10.25 10.512675589314158
10.350000000000001 10.685742282414077
10.450000000000001 10.880779405307804
10.55 11.195781549119246
10.65 11.217553357304402
10.75 11.399187542738368
10.850000000000001 11.795553541241764
10.950000000000001 12.002365363590572
11.05 12.428438609346387
11.15 12.40888167708921
11.25 12.235374215124677
11.350000000000001 12.194702026621128
11.450000000000001 12.080790831016792
11.55 11.879595269405572
11.65 11.617317194972467
11.75 11.118128978923398
11.850000000000001 10.89770591952431
11.950000000000001 10.636720514102441
12.05 10.152787839524281
12.15 9.781257630290566
12.25 9.520750236317745
12.350000000000001 9.061517806187446
12.450000000000001 8.85745088063007
12.55 8.580594257483959
12.65 8.390389519102966
12.75 8.182182873203955
12.850000000000001 7.944629677354618
12.950000000000001 7.6722950365390234
13.05 7.4296141021978395
13.15 7.198305070642941
13.25 6.961460910583521
13.350000000000001 6.674652208995494
13.450000000000001 6.5116009252677385
13.55 6.249314861023472
13.65 6.1023097061049
13.75 5.928590504981437
13.850000000000001 5.870398176319559
13.950000000000001 5.762569926005182
14.05 5.705722659223148
14.15 5.635614004193918
14.25 5.559453223691019
14.350000000000001 5.479640928224439
14.450000000000001 5.375541936968154
14.55 5.299928852903532
14.65 5.165601276376042
14.75 4.997849426627402
14.850000000000001 4.957654709061032
14.950000000000001 4.811184570033451
15.05 4.683022785117077
15.15 4.541056774939994
15.25 4.392204407490584
15.350000000000001 4.288110063006166
15.450000000000001 4.203723605453166
15.55 4.111767189753339
15.65 4.124513984206171
15.75 4.0709661077072825
15.850000000000001 3.979486659556012
15.950000000000001 3.9515318996634976
16.05 3.8956355212591456
16.150000000000002 3.8769198719305726
16.25 3.8521185544357146
16.35 3.785292314178825
16.45 3.7100371875018276
16.55 3.687707690738916
16.650000000000002 3.5779800396751544
16.75 3.532022581489894
16.85 3.4479659901227158
16.95 3.396479642363999
17.05 3.3348556065200854
17.150000000000002 3.2065459874853004
17.25 3.15964654268209
17.35 3.112932057108523
17.45 3.051312051304074
17.55 2.9798466244578337
17.650000000000002 2.9760018444467153
17.75 2.9630668175457977
17.85 2.9599603827589007
17.95 2.9035271363901547
18.05 2.874580332114102
18.150000000000002 2.828878993697458
18.25 2.7896867747049083
18.35 2.719458432438114
18.45 2.6938431742883293
18.55 2.6740874528798537
18.650000000000002 2.6601146117223933
18.75 2.623519199026811
18.85 2.5833996193238122
18.95 2.526828103018646
19.05 2.4819460233911403
19.150000000000002 2.4062254177974958
19.25 2.385653676791433
19.35 2.340510695033336
19.450000000000003 2.306963710558348
19.55 2.304434444365505
19.650000000000002 2.242793240007842
19.75 2.2212622369194146
19.85 2.2280745855191344
19.950000000000003 2.1734564533205334
20.05 2.1393084774833255
20.150000000000002 2.1481532079588246
20.25 2.1209197154757904
20.35 2.069434420292988
20.450000000000003 2.0593883417382175
20.55 2.0484456635991433
20.650000000000002 2.000825350644695
20.75 1.9801223970979678
20.85 1.9616940547126098
20.950000000000003 1.9343591813698342
21.05 1.9025094474453212
21.150000000000002 1.8699290974767397
21.25 1.850502111837488
21.35 1.8299041530156797
21.450000000000003 1.7956170459970568
21.55 1.794960479375541
21.650000000000002 1.7536884635998913
21.75 1.7251599677468556
21.85 1.7243251966395354
21.950000000000003 1.689378758920679
22.05 1.6805270435422974
22.150000000000002 1.6468172419279343
22.25 1.6479335676957225
22.35 1.5984427379839585
22.450000000000003 1.608077441633539
22.55 1.5916639268411248
22.650000000000002 1.5658988142365526
22.75 1.5439694580646104
22.85 1.5469503054445284
22.950000000000003 1.5317095246586752
23.05 1.5053273365348938
23.150000000000002 1.4639511837139072
23.25 1.460688258809504
23.35 1.4350962895901622
23.450000000000003 1.4168921922746576
23.55 1.4081446148466021
23.650000000000002 1.4043952096221117
23.75 1.3911171074383415
23.85 1.3656502158262926
23.950000000000003 1.3320945861214306
24.05 1.3381211973357394
24.150000000000002 1.3267043387784954
24.25 1.3084637797304965
24.35 1.3015518245000206
24.450000000000003 1.2679350221333983
24.55 1.2667667236716778
24.650000000000002 1.249306831133623
24.75 1.2299323725311437
24.85 1.2309073723352968
24.950000000000003 1.215741211547571
25.05 1.2240971654925092

