0.05 0.0
0.15000000000000002 0.0
0.25 0.0
0.35000000000000003 0.0
0.45 0.0
0.55 0.0
0.65 0.0
0.75 0.0
0.8500000000000001 0.0
0.9500000000000001 0.0
1.05 0.0
1.1500000000000001 0.0
1.25 0.0
1.35 0.0
1.4500000000000002 0.0
1.55 0.0
1.6500000000000001 0.0
1.75 0.0
1.85 0.0
1.9500000000000002 0.0
2.0500000000000003 0.0
2.15 0.0
2.25 0.0
2.35 0.0
2.45 0.0
2.5500000000000003 0.0
2.6500000000000004 0.0
2.75 0.0
2.85 0.0
2.95 0.0
3.0500000000000003 0.0
3.1500000000000004 0.0
3.25 0.0
3.35 0.008252165933420685
3.45 0.015514843273782952
3.5500000000000003 0.34132889646733733
3.6500000000000004 0.7878179428458512
3.75 1.9139949602391064
3.85 3.381124124490298
3.95 5.319284642694385
4.05 6.4551273551623325
4.15 7.761860620850144
4.25 8.75192412663903
4.3500000000000005 9.334799638880192
4.45 9.961316358991503
4.55 9.905687729111698
4.65 10.240589923435323
4.75 10.570623270587955
4.8500000000000005 10.71137714878979
4.95 9.97706438986332
5.050000000000001 10.153398067937562
5.15 10.277120002238648
5.25 10.08599892109854
5.3500000000000005 9.956379111985205
5.45 10.09863244922508
5.550000000000001 10.12587803911205
5.65 10.248732770689992
5.75 10.292203887427215
5.8500000000000005 10.423207836588709
5.95 10.502287930525306
6.050000000000001 10.741930393759255
6.15 10.815861452599423
6.25 10.889228843294077
6.3500000000000005 10.922651894173661
6.45 10.746988204576049
6.550000000000001 10.733826809727042
6.65 10.92434113271514
6.75 10.395572337939814
6.8500000000000005 10.486366224299209
6.95 10.709269925419273
7.050000000000001 10.464770396247545
7.15 10.172078659193811
7.25 10.22962474976426
7.3500000000000005 10.168784802101534
7.45 10.126328499468752
7.550000000000001 10.316072473519652
7.65 10.094375894190499
7.75 10.194112424502244
7.8500000000000005 10.28192171553916
7.95 10.308635453810764
8.05 10.153815215687313
8.15 10.208171656511118
8.25 10.154041272649868
8.35 10.132624444758319
8.450000000000001 9.995916000247123
8.55 9.943541447495246
8.65 9.804266507283707
8.75 9.602835194978217
8.85 9.497924308415268
8.950000000000001 9.379708284886446
9.05 9.361365228523308
9.15 9.413192433768394
9.25 9.257839650440255
9.35 9.346511873712037
9.450000000000001 9.29763054518494
9.55 9.414134577926275
9.65 9.280710065962362
9.75 9.445104338501185
9.850000000000001 9.4963894870179
9.950000000000001 9.437728030315235
10.05 9.518371143486338
10.15 9.528651854542474
10.25 9.570731277345889
10.350000000000001 9.592748741418303
10.450000000000001 9.554191478007333
10.55 9.639523020168475
10.65 9.822332789386738
10.75 9.706216538505457
10.850000000000001 9.845538705813512
10.950000000000001 10.040526654478583
11.05 10.40442958759052
11.15 10.673270258958134
11.25 10.918793089938701
11.350000000000001 11.021219164607349
11.450000000000001 10.949910226796938
11.55 10.944358330648653
11.65 10.81509579062431
11.75 10.51173641066816
11.850000000000001 10.351605712412969
11.950000000000001 9.984861570397516
12.05 9.664359044907927
12.15 9.439355921019645
12.25 9.178439178445867
12.350000000000001 8.848672070724236
12.450000000000001 8.768336663251265
12.55 8.567451296430475
12.65 8.376451960311801
12.75 8.108969252776035
12.850000000000001 8.008836074356987
12.950000000000001 7.824426331538164
13.05 7.622896879621843
13.15 7.421640635525634
13.25 7.350241345823342
13.350000000000001 7.182207121550226
13.450000000000001 6.988801066061882
13.55 6.932676142680696
13.65 6.777292271292365
13.75 6.727739482409643
13.850000000000001 6.641965474804423
13.950000000000001 6.517376150629457
14.05 6.443253325816353
14.15 6.3151702114778985
14.25 6.187610458318164
14.350000000000001 6.002337917041066
14.450000000000001 5.8770708469231865
14.55 5.750074238545595
14.65 5.6135502923366865
14.75 5.415719536448614
14.850000000000001 5.309751940290609
14.950000000000001 5.092899607253297
15.05 4.917257590158683
15.15 4.9050025899554885
15.25 4.784000938697426
15.350000000000001 4.651959570255479
15.450000000000001 4.594658636746829
15.55 4.4870801175157995
15.65 4.414765508135311
15.75 4.2859625599359585
15.850000000000001 4.2179904315120185
15.950000000000001 4.216965679837679
16.05 4.147313574809951
16.150000000000002 4.0661663696775925
16.25 4.0070876812797325
16.35 3.908803833478179
16.45 3.8407710707291254
16.55 3.800022646552301
16.650000000000002 3.7063565660149034
16.75 3.605753994192127
16.85 3.525752622565637
16.95 3.439015853652618
17.05 3.392616441511635
17.150000000000002 3.36551480006094
17.25 3.220990319506746
17.35 3.1863965955201157
17.45 3.1548518989746417
17.55 3.0534358344864496
17.650000000000002 3.066901737297563
17.75 3.0017647628307405
17.85 2.984594519701863
17.95 2.9514803789716857
18.05 2.8948503005262816
18.150000000000002 2.866908513434059
18.25 2.8438757134085826
18.35 2.7685356366311433
18.45 2.74803294848337
18.55 2.6817805029588864
18.650000000000002 2.643588927828466
18.75 2.6169411560536386
18.85 2.5875616000585784
18.95 2.521595299023269
19.05 2.4798552105359457
19.150000000000002 2.4463136030957218
19.25 2.384790763673303
19.35 2.3351537312031
19.450000000000003 2.2940807977855653
19.55 2.286775210568537
19.650000000000002 2.2461017163549064
19.75 2.229163441197127
19.85 2.1739351810369634
19.950000000000003 2.186429387240287
20.05 2.1758927582649172
20.150000000000002 2.14893899083185
20.25 2.1226026289764186
20.35 2.076097757629751
20.450000000000003 2.049339854089495
20.55 2.0468294233813507
20.650000000000002 1.969337011509561
20.75 1.967302909479945
20.85 1.9633665434017684
20.950000000000003 1.9004699791817357
21.05 1.868725357986017
21.150000000000002 1.8616703265469317
21.25 1.8621662203877387
21.35 1.8117475601505388
21.450000000000003 1.75633193109801
21.55 1.7417938345536053
21.650000000000002 1.7300203198761954
21.75 1.7099407233286634
21.85 1.7018694973840591
21.950000000000003 1.6811887151738647
22.05 1.658097331148853
22.150000000000002 1.6495605767563692
22.25 1.6154042330308305
22.35 1.605259660356451
22.450000000000003 1.6148807778638772
22.55 1.5713353641915035
22.650000000000002 1.568794214372542
22.75 1.5413604763594253
22.85 1.5110548851320453
22.950000000000003 1.5091602717152812
23.05 1.4941233895662185
23.150000000000002 1.470955918812132
23.25 1.4271280512220295
23.35 1.4285696743763379
23.450000000000003 1.4038033240519745
23.55 1.4032209155826907
23.650000000000002 1.388274043707903
23.75 1.3703065681396709
23.85 1.3559069965946464
23.950000000000003 1.362705797262844
24.05 1.3246378945138992
24.150000000000002 1.3090007150586758
24.25 1.310594818218636
24.35 1.307854667328707
24.450000000000003 1.2815317426038526
24.55 1.2824845102691327
24.650000000000002 1.2580449691172153
24.75 1.2485160853052222
24.85 1.2475637677056624
24.950000000000003 1.2443338518107292
25.05 1.2262012083816711

