0.05 0.0
0.15000000000000002 0.0
0.25 0.0
0.35000000000000003 0.0
0.45 0.0
0.55 0.0
0.65 0.0
0.75 0.0
0.8500000000000001 0.0
0.9500000000000001 0.0
1.05 0.0
1.1500000000000001 0.0
1.25 0.0
1.35 0.0
1.4500000000000002 0.0
1.55 0.0
1.6500000000000001 0.0
1.75 0.0
1.85 0.0
1.9500000000000002 0.0
2.0500000000000003 0.0
2.15 0.0
2.25 0.0
2.35 0.0
2.45 0.0
2.5500000000000003 0.0
2.6500000000000004 0.0
2.75 0.0
2.85 0.0
2.95 0.0
3.0500000000000003 0.0
3.1500000000000004 0.009315659627890409
3.25 0.10065741240893449
3.35 0.379031712860485
3.45 1.2119250098463918
3.5500000000000003 2.9204900138409937
3.6500000000000004 5.098397151967593
3.75 7.443903621112954
3.85 9.12050835229518
3.95 10.32797786035636
4.05 11.582534905591602
4.15 11.923829160801718
4.25 12.560941203493222
4.3500000000000005 13.117774877412602
4.45 13.664914019236784
4.55 14.589584456674734
4.65 15.146947750452835
4.75 15.664003292261764
4.8500000000000005 16.06403486068692
4.95 16.29583598932551
5.050000000000001 15.66356694767819
5.15 15.479826343842142
5.25 15.057071544264888
5.3500000000000005 14.302049125754248
5.45 13.91609809061006
5.550000000000001 13.695351469127722
5.65 13.620286775955277
5.75 13.673509897359253
5.8500000000000005 13.695432935635152
5.95 13.223834527629752
6.050000000000001 13.482034507514262
6.15 13.438130821957747
6.25 13.311484363249237
6.3500000000000005 13.175164251078435
6.45 12.589747019668632
6.550000000000001 12.86902333244517
6.65 12.899171218407593
6.75 12.552047389103837
6.8500000000000005 12.474958730954244
6.95 12.027036586577083
7.050000000000001 12.119819106332223
7.15 11.815749215628758
7.25 11.594425670493873
7.3500000000000005 11.155531942249738
7.45 11.154722406695617
7.550000000000001 10.913015402920996
7.65 10.785460042127939
7.75 10.876287475611685
7.8500000000000005 10.852055955606714
7.95 10.803870250888004
8.05 11.14175049721027
8.15 11.003238502380732
8.25 11.032746443075013
8.35 11.177442633565168
8.450000000000001 11.094301153876875
8.55 10.93048147844435
8.65 10.785496012391235
8.75 10.730125155575315
8.85 10.53950811765321
8.950000000000001 10.381630251300026
9.05 10.337552622276206
9.15 10.114536165826648
9.25 10.261512475303617
9.35 10.211496939021846
9.450000000000001 10.241104278707951
9.55 10.318672347918131
9.65 10.371994050497115
9.75 10.267173900556136
9.850000000000001 10.26706501879737
9.950000000000001 10.240988613191965
10.05 10.294933327085184
10.15 10.474706050253477
10.25 10.630510909498167
10.350000000000001 10.8868377542066
10.450000000000001 10.968153232412057
10.55 11.35271387372913
10.65 11.40189926770016
10.75 11.686990551615875
10.850000000000001 11.920456580307146
10.950000000000001 12.161630604627314
11.05 12.525552718044143
11.15 12.5450881455511
11.25 12.657959429634893
11.350000000000001 12.469219295741224
11.450000000000001 12.23451441609978
11.55 12.00759520928924
11.65 11.72546707079092
11.75 11.492750860665899
11.850000000000001 11.15739889586466
11.950000000000001 10.899409752236954
12.05 10.500042369459583
12.15 10.065609053650244
12.25 9.534703241689384
12.350000000000001 9.239308685839577
12.450000000000001 8.748341040806793
12.55 8.54258331822637
12.65 8.281845984446955
12.75 8.020673015073331
12.850000000000001 7.8816380388132306
12.950000000000001 7.672977076518289
13.05 7.33346159319683
13.15 7.251628857736862
13.25 6.829295930286339
13.350000000000001 6.691332470479438
13.450000000000001 6.462170925608042
13.55 6.139178751198056
13.65 5.930024389164054
13.75 5.8193066674807135
13.850000000000001 5.722155776095402
13.950000000000001 5.6058535663028115
14.05 5.542581738243909
14.15 5.551145733742379
14.25 5.465929186302505
14.350000000000001 5.4402553694611955
14.450000000000001 5.313057121511069
14.55 5.256296223488235
14.65 5.146295377460627
14.75 5.0747461948818655
14.850000000000001 4.961492997906042
14.950000000000001 4.846513738175548
15.05 4.715286612220263
15.15 4.53351502349986
15.25 4.431837218856961
15.350000000000001 4.313486886800775
15.450000000000001 4.197857811300249
15.55 4.114638056292905
15.65 4.0454823536761175
15.75 3.988846444405099
15.850000000000001 3.9522001555935455
15.950000000000001 3.9512002320468214
16.05 3.9168097920934812
16.150000000000002 3.901123097913364
16.25 3.8281885176062804
16.35 3.8226683979818343
16.45 3.7794139859705065
16.55 3.7396894502173668
16.650000000000002 3.6888463456793286
16.75 3.585596046051441
16.85 3.5325444825942696
16.95 3.4475319755757776
17.05 3.351439367675716
17.150000000000002 3.298918730984764
17.25 3.244268183260637
17.35 3.1584699095241193
17.45 3.11526450287719
17.55 3.049982508011498
17.650000000000002 3.0745587705799355
17.75 2.9886435036958074
17.85 2.9848823966310882
17.95 2.934934795945267
18.05 2.9368288356773347
18.150000000000002 2.89584761099143
18.25 2.832378637336662
18.35 2.848190899990227
18.45 2.8122174791966073
18.55 2.7845941239382688
18.650000000000002 2.724877468672175
18.75 2.6897855363366996
18.85 2.66953571164162
18.95 2.6238979713271697
19.05 2.592266461713779
19.150000000000002 2.527521146612529
19.25 2.4873985260380236
19.35 2.4222211685335546
19.450000000000003 2.4060336851899966
19.55 2.3697805670729064
19.650000000000002 2.33096353106163
19.75 2.315613301129226
19.85 2.2787768939970836
19.950000000000003 2.234441505671993
20.05 2.29223122489649
20.150000000000002 2.2272967768653396
20.25 2.1996465903610263
20.35 2.168423670978591
20.450000000000003 2.157821687864024
20.55 2.12073042731151
20.650000000000002 2.0780480268214228
20.75 2.080805530843636
20.85 2.046701620240509
20.950000000000003 2.0344085750496927
21.05 1.9769712502594141
21.150000000000002 1.9689498958811746
21.25 1.9243487214998467
21.35 1.9072509291603281
21.450000000000003 1.9047513668101288
21.55 1.8323218731435222
21.650000000000002 1.813482967967577
21.75 1.7816243394329765
21.85 1.7810913874412249
21.950000000000003 1.7649108772347095
22.05 1.7379578045271102
22.150000000000002 1.7147043930524295
22.25 1.685420012091451
22.35 1.6815310145854305
22.450000000000003 1.6762090102403902
22.55 1.6359733820443338
22.650000000000002 1.622706639662271
22.75 1.5950391508748178
22.85 1.5801869255746286
22.950000000000003 1.5674503130864235
23.05 1.5491823494061767
23.150000000000002 1.5252350159259136
23.25 1.4939350574693244
23.35 1.4921805363577079
23.450000000000003 1.4560901442839997
23.55 1.4344579077556692
23.650000000000002 1.4248776644732188
23.75 1.4210068479650988
23.85 1.3832908268785684
23.950000000000003 1.3631302985106466
24.05 1.3641411791442606
24.150000000000002 1.3431538044182454
24.25 1.3215904099533855
24.35 1.2928259392657053
24.450000000000003 1.2964890802685776
24.55 1.2633677546529904
24.650000000000002 1.2619126395980675
24.75 1.2451195859621629
24.85 1.2315020400143502
24.950000000000003 1.2265127273511827
25.05 1.2130684126093894

