0.05 0.0
0.15000000000000002 0.0
0.25 0.0
0.35000000000000003 0.0
0.45 0.0
0.55 0.0
0.65 0.0
0.75 0.0
0.8500000000000001 0.0
0.9500000000000001 0.0
1.05 0.0
1.1500000000000001 0.0
1.25 0.0
1.35 0.0
1.4500000000000002 0.0
1.55 0.0
1.6500000000000001 0.0
1.75 0.0
1.85 0.0
1.9500000000000002 0.0
2.0500000000000003 0.0
2.15 0.0
2.25 0.0
2.35 0.0
2.45 0.0
2.5500000000000003 0.0
2.6500000000000004 0.0
2.75 0.0
2.85 0.0
2.95 0.0
3.0500000000000003 0.0
3.1500000000000004 0.03266380238963826
3.25 0.1926324419598195
3.35 0.9599251267494506
3.45 2.5873428163770598
3.5500000000000003 5.599349628908053
3.6500000000000004 9.332092711700549
3.75 12.915039754307925
3.85 15.101124644823456
3.95 16.156462111580264
4.05 16.407112884857614
4.15 16.240229041903486
4.25 15.613151332130847
4.3500000000000005 15.328772177324197
4.45 15.332253214578575
4.55 15.565138382814107
4.65 16.024152118118142
4.75 15.933779450532029
4.8500000000000005 15.977766694367366
4.95 16.106613109630576
5.050000000000001 16.222626683608404
5.15 15.864731789433788
5.25 15.421058876728939
5.3500000000000005 15.132872069866382
5.45 14.61812440062638
5.550000000000001 14.172528032128302
5.65 14.37070665870738
5.75 14.01063885828758
5.8500000000000005 13.97754676160786
5.95 13.596748869693567
6.050000000000001 13.649067232182178
6.15 13.264940764499274
6.25 13.104154793762067
6.3500000000000005 13.16827513867265
6.45 12.901154606301544
6.550000000000001 12.831363111201558
6.65 12.688531911056971
6.75 12.664819047753653
6.8500000000000005 12.668408643177212
6.95 12.5777080412617
7.050000000000001 12.361596095104142
7.15 12.299550760324207
7.25 12.17101629639933
7.3500000000000005 11.868299194870133
7.45 11.405778633794073
7.550000000000001 11.278798416861548
7.65 11.0502070500292
7.75 11.151536050284502
7.8500000000000005 11.0472685381889
7.95 11.123382611521334
8.05 11.183137672053919
8.15 11.13873264298435
8.25 11.270232359315711
8.35 11.287273396509338
8.450000000000001 11.238443053110531
8.55 10.993481054155415
8.65 10.984492539286505
8.75 10.835704671206582
8.85 10.849481137318772
8.950000000000001 10.715318060881874
9.05 10.918086958424704
9.15 10.749002228493731
9.25 10.914154012317352
9.35 10.784949756303286
9.450000000000001 10.918841719532239
9.55 10.877087056264859
9.65 10.651734502701293
9.75 10.606654967973618
9.850000000000001 10.617141279555426
9.950000000000001 10.470510046134573
10.05 10.497816194064274
10.15 10.656575181859203
10.25 10.92922948325801
10.350000000000001 11.312615939754552
10.450000000000001 11.552450522529927
10.55 11.695026883708403
10.65 12.336116478540458
10.75 12.705527869638985
10.850000000000001 13.192122896899818
10.950000000000001 13.670757351239262
11.05 13.796286768931237
11.15 13.94335141380776
11.25 13.700949452641296
11.350000000000001 12.963527205602418
11.450000000000001 12.436297433018156
11.55 11.787776395893657
11.65 11.345335956802227
11.75 10.780495756241118
11.850000000000001 10.359821219243676
11.950000000000001 9.773825998243783
12.05 9.371612172921218
12.15 9.104992935759123
12.25 8.565579364682849
12.350000000000001 8.3000585166771
12.450000000000001 8.109730179055841
12.55 7.940375012459194
12.65 7.83833258387234
12.75 7.672475828959657
12.850000000000001 7.674014365025671
12.950000000000001 7.541897943204823
13.05 7.4225938528531366
13.15 7.08813897399967
13.25 7.021787650413034
13.350000000000001 6.715329819919414
13.450000000000001 6.477389520594672
13.55 6.18534236750434
13.65 5.873167330263958
13.75 5.6134164076641815
13.850000000000001 5.454184469413463
13.950000000000001 5.298412834771838
14.05 5.259003512238231
14.15 5.164468529826561
14.25 5.179305404211754
14.350000000000001 5.105773077197312
14.450000000000001 5.115017742649972
14.55 5.098993239442125
14.65 5.050687710429053
14.75 5.005812481147847
14.850000000000001 4.969578310949229
14.950000000000001 4.881779340509381
15.05 4.789265073836149
15.15 4.607140453637183
15.25 4.5782909091032105
15.350000000000001 4.402205939349394
15.450000000000001 4.2937810716118685
15.55 4.098808133106816
15.65 3.9959774902712377
15.75 3.900399122652475
15.850000000000001 3.7785264820554243
15.950000000000001 3.7601532287075714
16.05 3.7019458152064986
16.150000000000002 3.694969723028689
16.25 3.635088072439109
16.35 3.6516205804054414
16.45 3.635095167503262
16.55 3.6241921533893664
16.650000000000002 3.5745821879625828
16.75 3.5502009976972273
16.85 3.4939734884880873
16.95 3.451396073164944
17.05 3.4143690466610295
17.150000000000002 3.3257593787690074
17.25 3.235805107332034
17.35 3.1796384127259434
17.45 3.092609060426553
17.55 3.0857993691413954
17.650000000000002 2.991853033225127
17.75 2.9424159102096965
17.85 2.878626969342846
17.95 2.848661836195845
18.05 2.7730647157716377
18.150000000000002 2.759888804624765
18.25 2.7015795954877833
18.35 2.6969291496777577
18.45 2.6690954353448677
18.55 2.668719662639778
18.650000000000002 2.6211783407238425
18.75 2.6289558103013375
18.85 2.609589059919255
18.95 2.5970481318795295
19.05 2.536553858091293
19.150000000000002 2.4642898776300335
19.25 2.466951837040275
19.35 2.3949468831871568
19.450000000000003 2.3674713229435254
19.55 2.301712412539504
19.650000000000002 2.2875874560920963
19.75 2.2632672311763424
19.85 2.214634676772915
19.950000000000003 2.1887601458006434
20.05 2.1650840856903244
20.150000000000002 2.120241925405885
20.25 2.109115655491985
20.35 2.058668767482718
20.450000000000003 2.0473473962914936
20.55 2.029359789517918
20.650000000000002 2.0142874831640496
20.75 1.9949033820258775
20.85 1.9588842226327727
20.950000000000003 1.947000627724103
21.05 1.9355670084296706
21.150000000000002 1.9337835852985332
21.25 1.896280530333519
21.35 1.869350641839756
21.450000000000003 1.8217228366734035
21.55 1.8152795448618932
21.650000000000002 1.7995379616572542
21.75 1.7669771069117275
21.85 1.7342964797364149
21.950000000000003 1.696635972541379
22.05 1.697201296048702
22.150000000000002 1.6800945055356373
22.25 1.6359241205818291
22.35 1.6230095364385637
22.450000000000003 1.6176149305879555
22.55 1.5856469587662474
22.650000000000002 1.6025244576845086
22.75 1.559598321025941
22.85 1.5729864843126735
22.950000000000003 1.5277413542629754
23.05 1.5181070724521581
23.150000000000002 1.5080772385055803
23.25 1.4602571536711821
23.35 1.4756793462877915
23.450000000000003 1.4460841136724438
23.55 1.4415660576147469
23.650000000000002 1.4347931878021436
23.75 1.416046217793924
23.85 1.3840279120386567
23.950000000000003 1.3877994429319667
24.05 1.373928840477512
24.150000000000002 1.3252903759277999
24.25 1.3012869411073815
24.35 1.3015355641545558
24.450000000000003 1.297499787909577
24.55 1.2661585138143496
24.650000000000002 1.2554718374845413
24.75 1.253979030136809
24.85 1.2453849178301255
24.950000000000003 1.2504927904444798
25.05 1.221211321301572

