0.05 0.0
0.15000000000000002 0.0
0.25 0.0
0.35000000000000003 0.0
0.45 0.0
0.55 0.0
0.65 0.0
0.75 0.0
0.8500000000000001 0.0
0.9500000000000001 0.0
1.05 0.0
1.1500000000000001 0.0
1.25 0.0
1.35 0.0
1.4500000000000002 0.0
1.55 0.0
1.6500000000000001 0.0
1.75 0.0
1.85 0.0
1.9500000000000002 0.0
2.0500000000000003 0.0
2.15 0.0
2.25 0.0
2.35 0.0
2.45 0.0
2.5500000000000003 0.0
2.6500000000000004 0.0
2.75 0.0
2.85 0.0
2.95 0.0
3.0500000000000003 0.0
3.1500000000000004 0.004655724593745631
3.25 0.030644756256501843
3.35 0.1278045091234987
3.45 0.6719722192878663
3.5500000000000003 1.7501355059317214
3.6500000000000004 3.7134240605293933
3.75 6.497281285208883
3.85 8.702833130335156
3.95 10.689359902004915
4.05 11.363447615959107
4.15 12.263820751917693
4.25 12.960913311770492
4.3500000000000005 13.6799206502934
4.45 14.17111449160876
4.55 15.181376604936382
4.65 15.217932400147921
4.75 15.58980105677097
4.8500000000000005 16.040558953393347
4.95 16.72564326014326
5.050000000000001 16.071579589207357
5.15 15.879675873685951
5.25 15.09560011041343
5.3500000000000005 14.599406012126048
5.45 14.178663984403707
5.550000000000001 13.73484493919347
5.65 13.484075893481549
5.75 13.313141846509625
5.8500000000000005 13.249565574638336
5.95 13.379805316751943
6.050000000000001 13.62464397507408
6.15 13.229713609410414
6.25 13.290029010105185
6.3500000000000005 13.162687230434331
6.45 13.10106470674169
6.550000000000001 13.15751811099914
6.65 12.758991683465506
6.75 12.523835937744625
6.8500000000000005 12.540295364051376
6.95 12.202159496361888
7.050000000000001 12.013674053108415
7.15 11.730261967922305
7.25 11.620411922902495
7.3500000000000005 11.373494170929305
7.45 10.974904831093538
7.550000000000001 10.959674059740385
7.65 10.6692445226042
7.75 10.697613992701722
7.8500000000000005 10.860813726191804
7.95 10.886750470124355
8.05 10.743974513090343
8.15 11.005236963297556
8.25 11.189538475906984
8.35 11.108383456285075
8.450000000000001 11.22831010544394
8.55 11.121087387113434
8.65 10.903593531932366
8.75 10.713619324499598
8.85 10.597217739947403
8.950000000000001 10.399933948469341
9.05 10.30494223868277
9.15 10.287548436822911
9.25 10.09810460953392
9.35 10.07049897086698
9.450000000000001 10.150360812372947
9.55 10.206227642261009
9.65 10.292764656231695
9.75 10.305590534005923
9.850000000000001 10.264303038339769
9.950000000000001 10.335164839427234
10.05 10.281887366303405
10.15 10.48903243239228
10.25 10.600831952259451
10.350000000000001 10.74709905166198
10.450000000000001 10.95284520559834
10.55 11.223194613581146
10.65 11.37767144525416
10.75 11.657279615619185
10.850000000000001 11.84289813052663
10.950000000000001 12.23384997905376
11.05 12.429748506576484
11.15 12.648307859401736
11.25 12.807842282979392
11.350000000000001 12.630417661915786
11.450000000000001 12.55444715822184
11.55 12.263083021291125
11.65 11.908644667610298
11.75 11.739151405947949
11.850000000000001 11.34072260567463
11.950000000000001 10.893068582189745
12.05 10.430546602185595
12.15 10.100295038601017
12.25 9.627946455302352
12.350000000000001 9.10784941836025
12.450000000000001 8.781399939919922
12.55 8.446819298337523
12.65 8.221335633686879
12.75 7.94155660378891
12.850000000000001 7.85745414496893
12.950000000000001 7.563000233872673
13.05 7.451802294606826
13.15 7.240308629641127
13.25 6.912988752044578
13.350000000000001 6.662115252319427
13.450000000000001 6.399603111716966
13.55 6.185130675360706
13.65 5.894828894276133
13.75 5.748011217228147
13.850000000000001 5.640794286211975
13.950000000000001 5.556794682678677
14.05 5.496172038750241
14.15 5.447256716813495
14.25 5.435268428815988
14.350000000000001 5.448397073698571
14.450000000000001 5.370200016585478
14.55 5.259942975077202
14.65 5.226449644591192
14.75 5.069122571030694
14.850000000000001 4.98061131354406
14.950000000000001 4.889509924519833
15.05 4.713109946702239
15.15 4.554487274191922
15.25 4.390683956794603
15.350000000000001 4.274145558827732
15.450000000000001 4.232097563287051
15.55 4.122398717205008
15.65 3.97348923903751
15.75 4.002992358231892
15.850000000000001 3.906739035411213
15.950000000000001 3.879987162238507
16.05 3.886868824464375
16.150000000000002 3.9122107131638213
16.25 3.862676155675218
16.35 3.796340816547946
16.45 3.8071993231009533
16.55 3.777346863486177
16.650000000000002 3.718487550939214
16.75 3.6727714315259905
16.85 3.5521037062739254
16.95 3.4498573225481186
17.05 3.398646519016696
17.150000000000002 3.283314349145877
17.25 3.2004344004665812
17.35 3.1629091509065503
17.45 3.0959894753659873
17.55 3.08454706396037
17.650000000000002 3.0465676121900884
17.75 2.9940952734637474
17.85 2.9816996671335683
17.95 2.9630063207803516
18.05 2.99627907511499
18.150000000000002 2.898924079480133
18.25 2.873250164345561
18.35 2.863413520342698
18.45 2.7844649465974407
18.55 2.7921710100250405
18.650000000000002 2.8088543720859804
18.75 2.7456016551656135
18.85 2.6954860414308865
18.95 2.693859955793873
19.05 2.6116075088455766
19.150000000000002 2.575580799331084
19.25 2.5225380369941353
19.35 2.461396946562251
19.450000000000003 2.418148767275396
19.55 2.4068897118715435
19.650000000000002 2.3300568481606425
19.75 2.3226314829070387
19.85 2.328990028601024
19.950000000000003 2.32287638469791
20.05 2.3299170514910617
20.150000000000002 2.28541557220804
20.25 2.2371203810436473
20.35 2.2707846546077013
20.450000000000003 2.1992681825309153
20.55 2.1532951505614437
20.650000000000002 2.154090302851202
20.75 2.1306774560226183
20.85 2.1047185069479832
20.950000000000003 2.0847640568568147
21.05 2.047572550117606
21.150000000000002 2.0324258874315575
21.25 2.0096506749392082
21.35 1.997459891491735
21.450000000000003 1.967014594171268
21.55 1.9133895106621523
21.650000000000002 1.8843224611979994
21.75 1.8712657790982272
21.85 1.846320755992859
21.950000000000003 1.8092360831176968
22.05 1.8054775667227634
22.150000000000002 1.792629973890949
22.25 1.7830874932123115
22.35 1.7640199728247754
22.450000000000003 1.7549202343478219
22.55 1.7191912830974987
22.650000000000002 1.734993928791388
22.75 1.6770017231857393
22.85 1.6791159735899173
22.950000000000003 1.6513814573324632
23.05 1.6139719352078923
23.150000000000002 1.6093931970990825
23.25 1.5914492457758378
23.35 1.5617024508842101
23.450000000000003 1.5410620534480493
23.55 1.5276260995402589
23.650000000000002 1.4971234727511977
23.75 1.4902961985784113
23.85 1.4714966427232141
23.950000000000003 1.466496974173728
24.05 1.4382569639055953
24.150000000000002 1.4033865267077352
24.25 1.4069084955178333
24.35 1.3804671134125739
24.450000000000003 1.3625610349044617
24.55 1.3488627059653644
24.650000000000002 1.3155364073911562
24.75 1.3243115388715543
24.85 1.3113108968981895
24.950000000000003 1.3096310397872604
25.05 1.2888434394457282

