0.05 0.0
0.15000000000000002 0.0
0.25 0.0
0.35000000000000003 0.0
0.45 0.0
0.55 0.0
0.65 0.0
0.75 0.0
0.8500000000000001 0.0
0.9500000000000001 0.0
1.05 0.0
1.1500000000000001 0.0
1.25 0.0
1.35 0.0
1.4500000000000002 0.0
1.55 0.0
1.6500000000000001 0.0
1.75 0.0
1.85 0.0
1.9500000000000002 0.0
2.0500000000000003 0.0
2.15 0.0
2.25 0.0
2.35 0.0
2.45 0.0
2.5500000000000003 0.0
2.6500000000000004 0.0
2.75 0.0023094102102985763
2.85 0.0010761889096699065
2.95 0.002008541223898242
3.0500000000000003 0.005640545968760249
3.1500000000000004 0.014963528581788876
3.25 0.05954233343798675
3.35 0.255446837795867
3.45 0.6255327054130889
3.5500000000000003 1.3043113044915424
3.6500000000000004 2.0472153871273324
3.75 2.8567555618310156
3.85 3.5587466020867504
3.95 4.07469753632023
4.05 4.471337890941624
4.15 4.80481839301125
4.25 5.208330833872288
4.3500000000000005 5.506701531205595
4.45 5.706565585108905
4.55 5.8959904261666365
4.65 6.108149210179699
4.75 6.204642387764714
4.8500000000000005 6.44328061995977
4.95 6.408422804408471
5.050000000000001 6.4570860811432
5.15 6.436641804004789
5.25 6.344510893088813
5.3500000000000005 6.318876616079653
5.45 6.204231844920966
5.550000000000001 6.131437445022731
5.65 6.174935275922281
5.75 6.184757447912156
5.8500000000000005 6.133768736044906
5.95 6.257355108574749
6.050000000000001 6.193704710906861
6.15 6.215597433670486
6.25 6.218411581190394
6.3500000000000005 6.118120031294185
6.45 6.098175297989903
6.550000000000001 6.015084524734829
6.65 6.01380373102758
6.75 5.914513939949006
6.8500000000000005 5.8564356518991225
6.95 5.762359804418938
7.050000000000001 5.679956590871206
7.15 5.673393547821678
7.25 5.54423417420478
7.3500000000000005 5.511316106242979
7.45 5.373636853576906
7.550000000000001 5.366105868853293
7.65 5.366788273787887
7.75 5.26708342732262
7.8500000000000005 5.318647060018518
7.95 5.284728497633262
8.05 5.356179529704564
8.15 5.328260398184616
8.25 5.287168022621995
8.35 5.2528038314633685
8.450000000000001 5.26625091736862
8.55 5.235607751559597
8.65 5.196881123380108
8.75 5.072901420744089
8.85 5.0218937212053865
8.950000000000001 5.032672437148269
9.05 4.92932715923101
9.15 4.947690180786809
9.25 4.9121329047170175
9.35 4.893999685824479
9.450000000000001 4.890057173291803
9.55 4.891281607752496
9.65 4.927581244506391
9.75 4.929453066151509
9.850000000000001 4.908265462198186
9.950000000000001 4.894883374938457
10.05 4.894893696807397
10.15 4.959062014852381
10.25 5.0073821393452524
10.350000000000001 5.081844058621969
10.450000000000001 5.107702829575404
10.55 5.156812104052811
10.65 5.240153592885371
10.75 5.364658234882454
10.850000000000001 5.450234389065939
10.950000000000001 5.56663895927375
11.05 5.686908087508611
11.15 5.7242835999266335
11.25 5.730780767976917
11.350000000000001 5.6886830030589515
11.450000000000001 5.590179065610487
11.55 5.488762523133803
11.65 5.383419403272697
11.75 5.318871881222965
11.850000000000001 5.184630710640049
11.950000000000001 5.0383146537189925
12.05 4.872313210513165
12.15 4.736075000010995
12.25 4.618658035592603
12.350000000000001 4.453415604133282
12.450000000000001 4.3434493533751715
12.55 4.208270896916018
12.65 4.152275059977501
12.75 4.01752522846596
12.850000000000001 3.9314564796360942
12.950000000000001 3.8066506386724472
13.05 3.720700709320578
13.15 3.606516553669244
13.25 3.5162927673224535
13.350000000000001 3.3752871798953676
13.450000000000001 3.263722636232641
13.55 3.182726604676875
13.65 3.09235982673599
13.75 3.0180348719356487
13.850000000000001 2.9461983376279264
13.950000000000001 2.860223532559117
14.05 2.8445866955184975
14.15 2.7993577509245706
14.25 2.7392524949007298
14.350000000000001 2.714171727198847
14.450000000000001 2.6462300138968393
14.55 2.610279482142301
14.65 2.5354814267710637
14.75 2.485653645795559
14.850000000000001 2.4189747713678154
14.950000000000001 2.3527464208265587
15.05 2.3088350894824186
15.15 2.2235732078442845
15.25 2.186442340818682
15.350000000000001 2.137871512898177
15.450000000000001 2.0925211111658624
15.55 2.0509736605174447
15.65 2.0080026979808854
15.75 2.007749171021713
15.850000000000001 1.9566669331148652
15.950000000000001 1.930041523986696
16.05 1.8878242002656904
16.150000000000002 1.8803670679248703
16.25 1.8440695779038752
16.35 1.8320940779526873
16.45 1.8139765764377007
16.55 1.7636236317176668
16.650000000000002 1.743280062320481
16.75 1.7272797023841195
16.85 1.6886309171490976
16.95 1.6444941827643933
17.05 1.6315566738593366
17.150000000000002 1.5940522879399204
17.25 1.5654737565426387
17.35 1.5361025772360122
17.45 1.5233067413504984
17.55 1.497884211499395
17.650000000000002 1.481169477002215
17.75 1.4611844877429017
17.85 1.434000094927471
17.95 1.428931124509938
18.05 1.4055686094764648
18.150000000000002 1.3991823198879718
18.25 1.3874515419287259
18.35 1.368413223257466
18.45 1.356438381060578
18.55 1.3340299943812441
18.650000000000002 1.3126260023034295
18.75 1.2966690793622908
18.85 1.2844483231350678
18.95 1.2696690387356606
19.05 1.2520651270724177
19.150000000000002 1.2407686450625928
19.25 1.2157588104733874
19.35 1.2016939097179293
19.450000000000003 1.1899238650625452
19.55 1.1788463648464875
19.650000000000002 1.1572512563690283
19.75 1.1440457382847105
19.85 1.13341938478697
19.950000000000003 1.1252915978523836
20.05 1.1095911246842898
20.150000000000002 1.0992788064881536
20.25 1.0955030779427322
20.35 1.0889550131381522
20.450000000000003 1.0725755615190968
20.55 1.0707370480526313
20.650000000000002 1.0494275405643725
20.75 1.0386245194828028
20.85 1.0305115653292025
20.950000000000003 1.0215559056227108
21.05 1.0075118872226656
21.150000000000002 1.01020513392863
21.25 0.9850323559130458
21.35 0.9775233176945423
21.450000000000003 0.967767844035125
21.55 0.9589708205673728
21.650000000000002 0.9471104327551189
21.75 0.9439738831591478
21.85 0.9332088774030936
21.950000000000003 0.9151587720823288
22.05 0.9113929050553126
22.150000000000002 0.907608602787432
22.25 0.8981347177370086
22.35 0.8961719476213433
22.450000000000003 0.8835699838288535
22.55 0.8778791876000437
22.650000000000002 0.8667566897343876
22.75 0.8599667987565135
22.85 0.8520429747308262
22.950000000000003 0.8499959896503977
23.05 0.8408064013479237
23.150000000000002 0.8382855035376859
23.25 0.827216587426778
23.35 0.8095602540314606
23.450000000000003 0.8118768621924396
23.55 0.8033601020267602
23.650000000000002 0.793844961145179
23.75 0.787197080531588
23.85 0.7806854004292314
23.950000000000003 0.7823065603032043
24.05 0.7659162844826486
24.150000000000002 0.7675607812003004
24.25 0.7553994749297873
24.35 0.756868518995741
24.450000000000003 0.746833553561121
24.55 0.7409215077656168
24.650000000000002 0.7360592062128627
24.75 0.7269606769034018
24.85 0.7264524822678082
24.950000000000003 0.7189907690728722
25.05 0.7156261847179849

