0.05 0.0
0.15000000000000002 0.0
0.25 0.0
0.35000000000000003 0.0
0.45 0.0
0.55 0.0
0.65 0.0
0.75 0.0
0.8500000000000001 0.0
0.9500000000000001 0.0
1.05 0.0
1.1500000000000001 0.0
1.25 0.0
1.35 0.0
1.4500000000000002 0.0
1.55 0.0
1.6500000000000001 0.0
1.75 0.0
1.85 0.0
1.9500000000000002 0.0
2.0500000000000003 0.0
2.15 0.0
2.25 0.0
2.35 0.0
2.45 0.0
2.5500000000000003 0.0
2.6500000000000004 0.0
2.75 0.0
2.85 0.0
2.95 0.0
3.0500000000000003 0.0
3.1500000000000004 0.008806494015721545
3.25 0.04800482259784911
3.35 0.25386868752532743
3.45 0.7679660342126279
3.5500000000000003 1.9171797544146763
3.6500000000000004 3.4777148952742825
3.75 5.202345234194455
3.85 6.614635782559743
3.95 7.4664220046861765
4.05 7.643866695661242
4.15 7.948724894036221
4.25 7.777040980482057
4.3500000000000005 7.917193443809509
4.45 7.916327981960044
4.55 7.938863698214451
4.65 8.094972232420323
4.75 8.239027189800796
4.8500000000000005 8.298960305477207
4.95 8.357740200666807
5.050000000000001 8.324092639836186
5.15 8.19517574436359
5.25 8.03899858034593
5.3500000000000005 7.867027176106355
5.45 7.565230766953719
5.550000000000001 7.39734504347315
5.65 7.346513419231919
5.75 7.300795592473192
5.8500000000000005 7.221779229125943
5.95 7.246895169158361
6.050000000000001 7.157078219519069
6.15 7.131906408266462
6.25 7.001574223516386
6.3500000000000005 6.954813886781945
6.45 6.781019300915209
6.550000000000001 6.649188635156877
6.65 6.59738377825892
6.75 6.494622860470462
6.8500000000000005 6.5254269013358
6.95 6.474442545384996
7.050000000000001 6.478081186529166
7.15 6.3705749787662045
7.25 6.226409772330617
7.3500000000000005 6.082386189366214
7.45 5.968438640093012
7.550000000000001 5.87648279620475
7.65 5.771225620685996
7.75 5.700879449917116
7.8500000000000005 5.692613604256367
7.95 5.707703217640621
8.05 5.794356571104011
8.15 5.858669340596235
8.25 5.879484789657418
8.35 5.9164015722688506
8.450000000000001 5.822675472477805
8.55 5.768063706751227
8.65 5.663312243204284
8.75 5.570608266741286
8.85 5.542299427968784
8.950000000000001 5.453812644657862
9.05 5.447927712823049
9.15 5.431700788900746
9.25 5.49417492266323
9.35 5.544137837845082
9.450000000000001 5.5178604145837
9.55 5.586264202894977
9.65 5.490205390040665
9.75 5.482781658887994
9.850000000000001 5.423335975191509
9.950000000000001 5.3781666773222065
10.05 5.347199300265838
10.15 5.411780472374164
10.25 5.495076887475381
10.350000000000001 5.636071668176431
10.450000000000001 5.814410572514054
10.55 5.921133560123432
10.65 6.118518280276432
10.75 6.273082995280564
10.850000000000001 6.5004259672272635
10.950000000000001 6.743615597764696
11.05 6.89746702733253
11.15 6.920686792678236
11.25 6.902634928260543
11.350000000000001 6.70356990341898
11.450000000000001 6.4594924027157195
11.55 6.203950436155936
11.65 5.974995494395366
11.75 5.706496762408267
11.850000000000001 5.473911027530814
11.950000000000001 5.212176128734565
12.05 4.995455759384083
12.15 4.776055130183098
12.25 4.55650419545394
12.350000000000001 4.336434983065638
12.450000000000001 4.222539256159157
12.55 4.076653284902389
12.65 4.0197461806506665
12.75 3.9112460041270753
12.850000000000001 3.842619090677536
12.950000000000001 3.7767966766357475
13.05 3.7003082416526265
13.15 3.617082194014609
13.25 3.479203208662273
13.350000000000001 3.3415808429386997
13.450000000000001 3.2222160287972583
13.55 3.070823633604529
13.65 2.9587590280308507
13.75 2.8019566607818023
13.850000000000001 2.742130838210159
13.950000000000001 2.6390109425402075
14.05 2.592826222817401
14.15 2.554700415346491
14.25 2.5385951913510505
14.350000000000001 2.513819469451036
14.450000000000001 2.5032763064148216
14.55 2.458095134371231
14.65 2.4391878993995264
14.75 2.4131902519339787
14.850000000000001 2.3829739998802437
14.950000000000001 2.325746692754268
15.05 2.295098352909583
15.15 2.226597924525324
15.25 2.1766670314930043
15.350000000000001 2.1005715406810896
15.450000000000001 2.028660286397078
15.55 1.9612125010476988
15.65 1.8910384403685279
15.75 1.8508361847801207
15.850000000000001 1.8080256794948515
15.950000000000001 1.7902526689124332
16.05 1.753251327428325
16.150000000000002 1.7470884758113547
16.25 1.7435608878585485
16.35 1.7195392003550622
16.45 1.7008163040992021
16.55 1.7013495734421216
16.650000000000002 1.6867141195949176
16.75 1.6610821957540478
16.85 1.6295849258433208
16.95 1.600647285541049
17.05 1.5751684349543513
17.150000000000002 1.5321962761121948
17.25 1.516579581097971
17.35 1.4803314756246204
17.45 1.44224154452422
17.55 1.4104657019488704
17.650000000000002 1.400284818293818
17.75 1.373825373002363
17.85 1.3476291702497014
17.95 1.3277408416430827
18.05 1.303985031236892
18.150000000000002 1.2818333611726134
18.25 1.2615324815607527
18.35 1.251850151829852
18.45 1.2503214342784597
18.55 1.249906760222316
18.650000000000002 1.238722044668082
18.75 1.2326508873712505
18.85 1.2099066926723443
18.95 1.2116860632915538
19.05 1.1842750306371812
19.150000000000002 1.156361182429831
19.25 1.1396441394389691
19.35 1.1246410302610654
19.450000000000003 1.0993232692315487
19.55 1.0874903128710087
19.650000000000002 1.0757410545624804
19.75 1.059559227868975
19.85 1.0574333312772801
19.950000000000003 1.039036381857342
20.05 1.0283581432285525
20.150000000000002 1.0202340155449807
20.25 0.9979598738841726
20.35 0.9838449955344875
20.450000000000003 0.9767031039240143
20.55 0.9687829620935415
20.650000000000002 0.9613467139197138
20.75 0.9559854541300188
20.85 0.9486832726285325
20.950000000000003 0.9458585477822118
21.05 0.9293776902402109
21.150000000000002 0.9214158598138742
21.25 0.913426600550138
21.35 0.9062052621219016
21.450000000000003 0.8843177897079535
21.55 0.8777282577393987
21.650000000000002 0.8589277050994534
21.75 0.8578916909225027
21.85 0.8461518325442087
21.950000000000003 0.8347790977670742
22.05 0.8254775005581874
22.150000000000002 0.8141827830957626
22.25 0.8025918719929731
22.35 0.8032418122247759
22.450000000000003 0.8001235926400165
22.55 0.788569260362459
22.650000000000002 0.7839311401940502
22.75 0.774663807269604
22.85 0.7710323152582408
22.950000000000003 0.7618622916444615
23.05 0.7483904679400024
23.150000000000002 0.7501763193863593
23.25 0.7393612910511735
23.35 0.7241914414113493
23.450000000000003 0.7323869799973287
23.55 0.719008863937092
23.650000000000002 0.7182875923785706
23.75 0.7143897873793155
23.85 0.703512038514696
23.950000000000003 0.694216347616626
24.05 0.685976710587801
24.150000000000002 0.6891132176289841
24.25 0.6668738686693197
24.35 0.6650778812908805
24.450000000000003 0.6595426290436958
24.55 0.6523545297295948
24.650000000000002 0.6550353461215794
24.75 0.6519394985962383
24.85 0.6475155377049105
24.950000000000003 0.6468503531011958
25.05 0.6450010389148209

