0.05 0.0
0.15000000000000002 0.0
0.25 0.0
0.35000000000000003 0.0
0.45 0.0
0.55 0.0
0.65 0.0
0.75 0.0
0.8500000000000001 0.0
0.9500000000000001 0.0
1.05 0.0
1.1500000000000001 0.0
1.25 0.0
1.35 0.0
1.4500000000000002 0.0
1.55 0.0
1.6500000000000001 0.0
1.75 0.0
1.85 0.0
1.9500000000000002 0.0
2.0500000000000003 0.0
2.15 0.0
2.25 0.0
2.35 0.0
2.45 0.0
2.5500000000000003 0.0
2.6500000000000004 0.0
2.75 0.0
2.85 0.0
2.95 0.0
3.0500000000000003 0.0009420713821458068
3.1500000000000004 0.003526625183713484
3.25 0.03225885408428517
3.35 0.12381373395530872
3.45 0.4119163362018957
3.5500000000000003 1.091389035775682
3.6500000000000004 2.170402410989454
3.75 3.5047767895261734
3.85 4.502309945427958
3.95 5.29232990064848
4.05 5.929683459823569
4.15 6.255312683954183
4.25 6.554723501814021
4.3500000000000005 6.930670730090929
4.45 7.184073680609762
4.55 7.512005753165501
4.65 7.883599863063889
4.75 8.116886873723386
4.8500000000000005 8.265842062420486
4.95 8.364057791343257
5.050000000000001 8.379624242385399
5.15 8.235597244039479
5.25 7.853439832290923
5.3500000000000005 7.5292258831493495
5.45 7.364116550735832
5.550000000000001 7.1661075480494905
5.65 7.120739221784764
5.75 6.971184679106481
5.8500000000000005 7.109061159114118
5.95 7.191633506373356
6.050000000000001 7.153308019141268
6.15 7.073578701589995
6.25 7.019787784563382
6.3500000000000005 6.920739231406573
6.45 6.8663710875479085
6.550000000000001 6.7860323954165676
6.65 6.653539218508738
6.75 6.61609868776084
6.8500000000000005 6.563078466426021
6.95 6.455994665204199
7.050000000000001 6.316482051441567
7.15 6.2505117296740815
7.25 6.147746231547377
7.3500000000000005 5.953200017586198
7.45 5.835244754036374
7.550000000000001 5.700494122679055
7.65 5.632775874287857
7.75 5.65203835830555
7.8500000000000005 5.6541397550436345
7.95 5.708301983858878
8.05 5.754044810837808
8.15 5.843036765959155
8.25 5.873656349343086
8.35 5.91353913235906
8.450000000000001 5.898289664074241
8.55 5.841334419836227
8.65 5.716360661189948
8.75 5.607017402566416
8.85 5.5352169150514525
8.950000000000001 5.434734521339559
9.05 5.367970894733924
9.15 5.38168006875796
9.25 5.328598511282027
9.35 5.351845476468727
9.450000000000001 5.410218947747961
9.55 5.416845932576891
9.65 5.408090433450838
9.75 5.387957493498778
9.850000000000001 5.413502975466424
9.950000000000001 5.396943670886622
10.05 5.349318363127599
10.15 5.438705143220754
10.25 5.522666788809927
10.350000000000001 5.651436788931024
10.450000000000001 5.736982781337211
10.55 5.865108714818981
10.65 5.93435478205684
10.75 6.1094542528460885
10.850000000000001 6.185341815512964
10.950000000000001 6.3786286717008664
11.05 6.450913590315181
11.15 6.591204269066745
11.25 6.569528057430581
11.350000000000001 6.558011192075898
11.450000000000001 6.481289005943835
11.55 6.404403533839297
11.65 6.19663047984518
11.75 6.064562685524324
11.850000000000001 5.875929576265173
11.950000000000001 5.688494142358136
12.05 5.46661298386431
12.15 5.25411550734435
12.25 5.0442414298855995
12.350000000000001 4.8022033025186355
12.450000000000001 4.607302340086782
12.55 4.449783743144361
12.65 4.291098808299497
12.75 4.189233426037045
12.850000000000001 4.0832983670224
12.950000000000001 3.977333421400526
13.05 3.849419186801584
13.15 3.7492277527451616
13.25 3.5891940403332403
13.350000000000001 3.455649129320842
13.450000000000001 3.3349020362695545
13.55 3.2166560521133496
13.65 3.086930522853417
13.75 2.9825694825683304
13.850000000000001 2.93354764832988
13.950000000000001 2.8413950340768768
14.05 2.817970243844097
14.15 2.787274857300566
14.25 2.7656129496150963
14.350000000000001 2.7430126559363632
14.450000000000001 2.6985411682348395
14.55 2.65938730745357
14.65 2.6105368528615487
14.75 2.5351572538340785
14.850000000000001 2.4867649773613127
14.950000000000001 2.406507608442968
15.05 2.3574174934363943
15.15 2.2955067243803318
15.25 2.2061704219227374
15.350000000000001 2.128292610245982
15.450000000000001 2.0797537146524663
15.55 2.014392725345662
15.65 1.9840552660375055
15.75 1.9494748027596085
15.850000000000001 1.937985269594893
15.950000000000001 1.8968554009975565
16.05 1.882027823296368
16.150000000000002 1.8705624891075192
16.25 1.863654694375779
16.35 1.8265316219187726
16.45 1.8199842265342305
16.55 1.7987673059393108
16.650000000000002 1.7513677955223046
16.75 1.7176924849583821
16.85 1.671392752538681
16.95 1.6297291261837836
17.05 1.5908193698122288
17.150000000000002 1.5426410680559681
17.25 1.5015278950782842
17.35 1.4699441257969947
17.45 1.4559179512349882
17.55 1.4231467006417275
17.650000000000002 1.40885635963214
17.75 1.3898453120728502
17.85 1.3744223874776547
17.95 1.3554371634007985
18.05 1.339603511135608
18.150000000000002 1.3160469265780517
18.25 1.2925885600071119
18.35 1.272334769480047
18.45 1.276201628370344
18.55 1.251261013795876
18.650000000000002 1.2326002882404374
18.75 1.2279867420661021
18.85 1.2030790521605823
18.95 1.1643217110506499
19.05 1.149587620949309
19.150000000000002 1.1258260973098715
19.25 1.1023181642944893
19.35 1.0770683638688507
19.450000000000003 1.0605043744028633
19.55 1.0324907657882774
19.650000000000002 1.0219942100535007
19.75 1.0173029089831083
19.85 1.0146294308562207
19.950000000000003 0.999702183035987
20.05 0.9876816023014023
20.150000000000002 0.976245354558969
20.25 0.9711749075475549
20.35 0.9450644409810538
20.450000000000003 0.9413493094285441
20.55 0.9197961392779181
20.650000000000002 0.9122271962845206
20.75 0.900379750944897
20.85 0.889137925983463
20.950000000000003 0.8763360764424484
21.05 0.8669211150368883
21.150000000000002 0.8550996177688028
21.25 0.8461364500885399
21.35 0.8304722877859703
21.450000000000003 0.8159453269439788
21.55 0.8050073815945932
21.650000000000002 0.7916505589582474
21.75 0.7821699592992544
21.85 0.7700050441145296
21.950000000000003 0.7647726028239819
22.05 0.7586159772375524
22.150000000000002 0.7507435147197994
22.25 0.743482296938688
22.35 0.7399947827702422
22.450000000000003 0.7321665159843664
22.55 0.7284286579229208
22.650000000000002 0.7159398225142548
22.75 0.707990889804567
22.85 0.7026334937817557
22.950000000000003 0.6919685703729579
23.05 0.6851785799668448
23.150000000000002 0.6743037688151302
23.25 0.6663926878930831
23.35 0.6621545659753844
23.450000000000003 0.6570892342794937
23.55 0.6500508557745779
23.650000000000002 0.6419564984320177
23.75 0.635806050393294
23.85 0.6389529279102448
23.950000000000003 0.6287354736504875
24.05 0.6185602502192729
24.150000000000002 0.6137911156055819
24.25 0.6077242487398546
24.35 0.6005854309663039
24.450000000000003 0.5944703675495177
24.55 0.590475250638923
24.650000000000002 0.5918263275089688
24.75 0.584585557539534
24.85 0.5847172308545099
24.950000000000003 0.5819512451894874
25.05 0.5767635866484496

