0.05 0.0
0.15000000000000002 0.0
0.25 0.0
0.35000000000000003 0.0
0.45 0.0
0.55 0.0
0.65 0.0
0.75 0.0
0.8500000000000001 0.0
0.9500000000000001 0.0
1.05 0.0
1.1500000000000001 0.0
1.25 0.0
1.35 0.0
1.4500000000000002 0.0
1.55 0.0
1.6500000000000001 0.0
1.75 0.0
1.85 0.0
1.9500000000000002 0.0
2.0500000000000003 0.0
2.15 0.0
2.25 0.0
2.35 0.0
2.45 0.0
2.5500000000000003 0.0
2.6500000000000004 0.0
2.75 0.0
2.85 0.0
2.95 0.0
3.0500000000000003 0.0
3.1500000000000004 0.0019407987199542185
3.25 0.015329703529862848
3.35 0.06217258753545293
3.45 0.19544616069761384
3.5500000000000003 0.462328456499908
3.6500000000000004 0.8273832182052561
3.75 1.2693435753794953
3.85 1.5931276761036168
3.95 1.8083951185723837
4.05 1.946108949721482
4.15 1.9949323786275737
4.25 1.989618200470213
4.3500000000000005 2.032214336751683
4.45 2.066204275841798
4.55 2.1124641258457495
4.65 2.1526773481789987
4.75 2.204639369602203
4.8500000000000005 2.235338701434865
4.95 2.2864682627154207
5.050000000000001 2.261056555604085
5.15 2.241602987721108
5.25 2.1937451212894397
5.3500000000000005 2.1588817164853884
5.45 2.1140446991160466
5.550000000000001 2.0911264436528842
5.65 2.059366067982852
5.75 2.0341593889805436
5.8500000000000005 2.0458411018157423
5.95 2.0458297513419206
6.050000000000001 2.038974454649166
6.15 2.0301414465273195
6.25 2.0069029572450283
6.3500000000000005 1.9820721384810305
6.45 1.951709086669338
6.550000000000001 1.9355209413299395
6.65 1.9386207728782074
6.75 1.9255131471585325
6.8500000000000005 1.918490117401814
6.95 1.9215148941059197
7.050000000000001 1.9078553662595394
7.15 1.889469901306474
7.25 1.8754593793950274
7.3500000000000005 1.874417274183898
7.45 1.858820559275839
7.550000000000001 1.8498417864637695
7.65 1.8579927916771617
7.75 1.871704918175524
7.8500000000000005 1.880568208080529
7.95 1.9285688109119496
8.05 1.970626502720807
8.15 2.003450305194364
8.25 2.033447488609995
8.35 2.074372102236714
8.450000000000001 2.0825925199328514
8.55 2.092537701546845
8.65 2.0972405035476562
8.75 2.10373456945554
8.85 2.091069129159103
8.950000000000001 2.0995621313446766
9.05 2.103540523419555
9.15 2.1241738853289283
9.25 2.142546921778472
9.35 2.1709750431868793
9.450000000000001 2.1726695478607008
9.55 2.186771041338005
9.65 2.1918084881311533
9.75 2.194846791884404
9.850000000000001 2.1960684627805445
9.950000000000001 2.194461203779061
10.05 2.1994819959156517
10.15 2.23145381183748
10.25 2.2504222385112946
10.350000000000001 2.302274969848646
10.450000000000001 2.3359559626665605
10.55 2.3810683213985673
10.65 2.447043650549983
10.75 2.5024744578006373
10.850000000000001 2.5755073304708196
10.950000000000001 2.615048614945022
11.05 2.680347077514484
11.15 2.707442311142689
11.25 2.710694498851819
11.350000000000001 2.693680295077337
11.450000000000001 2.661809259002487
11.55 2.6148153645400956
11.65 2.5704970513659675
11.75 2.5413901401483483
11.850000000000001 2.4860793764843376
11.950000000000001 2.445135377944785
12.05 2.4095320436386762
12.15 2.3693374186191605
12.25 2.3159048082691474
12.350000000000001 2.2927039732100996
12.450000000000001 2.2709764369708614
12.55 2.2511594612058325
12.65 2.2444495188569964
12.75 2.2386349369005405
12.850000000000001 2.230370798593586
12.950000000000001 2.2132955003010495
13.05 2.2176487515037056
13.15 2.187157942836519
13.25 2.176163571451154
13.350000000000001 2.1545611228153625
13.450000000000001 2.1363598801907497
13.55 2.111786249093729
13.65 2.1032461189176814
13.75 2.0950790254194627
13.850000000000001 2.0640842275515228
13.950000000000001 2.066084415282895
14.05 2.066199814858763
14.15 2.0629353259169783
14.25 2.0606648439289925
14.350000000000001 2.065235305766109
14.450000000000001 2.078132486516591
14.55 2.0842795873240987
14.65 2.0853685092537098
14.75 2.090862871982241
14.850000000000001 2.106785028204222
14.950000000000001 2.110435907459719
15.05 2.1082906655304257
15.15 2.1055249844431208
15.25 2.093685165393228
15.350000000000001 2.0962434048737486
15.450000000000001 2.078300463860506
15.55 2.068565695548456
15.65 2.057411979812299
15.75 2.0514752588100094
15.850000000000001 2.0403662941988188
15.950000000000001 2.0298662532124503
16.05 2.0199203716019807
16.150000000000002 2.0064141044734756
16.25 2.0009606013160792
16.35 1.9929676005897743
16.45 1.9829300242300185
16.55 1.9728550997723486
16.650000000000002 1.9576378676323913
16.75 1.9483412138445246
16.85 1.9283396813178002
16.95 1.9210177610975347
17.05 1.909671536963461
17.150000000000002 1.8886985100371196
17.25 1.8806742863477788
17.35 1.8642101343485078
17.45 1.8532445889985423
17.55 1.830753499596135
17.650000000000002 1.824661045038693
17.75 1.8062450416669573
17.85 1.7898060917770795
17.95 1.7826377545440315
18.05 1.776434079036072
18.150000000000002 1.7569376172510351
18.25 1.7579149449406974
18.35 1.7434639363408546
18.45 1.733075478148452
18.55 1.7240350644923714
18.650000000000002 1.7156221063656307
18.75 1.7060862141520177
18.85 1.6977758069027704
18.95 1.6806274284894696
19.05 1.6719950187690922
19.150000000000002 1.6671260026149362
19.25 1.6480395695337018
19.35 1.6391086777130202
19.450000000000003 1.6212596269923882
19.55 1.6070223102753325
19.650000000000002 1.6042064213181653
19.75 1.5866749461066803
19.85 1.5708947248226015
19.950000000000003 1.556424822803465
20.05 1.5452909135683444
20.150000000000002 1.5272900459372434
20.25 1.5165931417509932
20.35 1.4984953350641448
20.450000000000003 1.4815525837982872
20.55 1.4709074095918475
20.650000000000002 1.4549685541271564
20.75 1.4362111276358749
20.85 1.4215479679759222
20.950000000000003 1.40733807908695
21.05 1.397058830100071
21.150000000000002 1.380449011546005
21.25 1.367716028559325
21.35 1.348363631796439
21.450000000000003 1.3306216689118628
21.55 1.3172378573019556
21.650000000000002 1.305396101445248
21.75 1.2877048680550434
21.85 1.271052122736012
21.950000000000003 1.2599116391345178
22.05 1.2423855585467307
22.150000000000002 1.2328494912208932
22.25 1.2161009422366122
22.35 1.200724610885392
22.450000000000003 1.192995456194235
22.55 1.1756558117326188
22.650000000000002 1.1624199001708033
22.75 1.1491595063650797
22.85 1.1364817220571537
22.950000000000003 1.127033355342955
23.05 1.115399475753526
23.150000000000002 1.0983051309304932
23.25 1.085128743013761
23.35 1.0742085470349019
23.450000000000003 1.0619564394826848
23.55 1.049997811730465
23.650000000000002 1.0379111488018316
23.75 1.0247710765681388
23.85 1.0180513740588506
23.950000000000003 1.0029715665785908
24.05 0.9913039961980247
24.150000000000002 0.9750235587337489
24.25 0.9684850755434324
24.35 0.9547589266952565
24.450000000000003 0.9496558176121043
24.55 0.9359859034094954
24.650000000000002 0.9251676436914025
24.75 0.9184502810304163
24.85 0.9088411481000754
24.950000000000003 0.9014399372850068
25.05 0.8923601038882626

