0.05 0.0
0.15000000000000002 0.0
0.25 0.0
0.35000000000000003 0.0
0.45 0.0
0.55 0.0
0.65 0.0
0.75 0.0
0.8500000000000001 0.0
0.9500000000000001 0.0
1.05 0.0
1.1500000000000001 0.0
1.25 0.0
1.35 0.0
1.4500000000000002 0.0
1.55 0.0
1.6500000000000001 0.0
1.75 0.0
1.85 0.0
1.9500000000000002 0.0
2.0500000000000003 0.0
2.15 0.0
2.25 0.0
2.35 0.0
2.45 0.0
2.5500000000000003 0.0
2.6500000000000004 0.0
2.75 0.0
2.85 0.0
2.95 0.0
3.0500000000000003 0.0
3.1500000000000004 0.0011653355378193047
3.25 0.011869357051143814
3.35 0.05135687185909792
3.45 0.143011179524207
3.5500000000000003 0.38726011975112223
3.6500000000000004 0.7078034792619584
3.75 1.1027296560050703
3.85 1.4690255453017986
3.95 1.7251002710131678
4.05 1.860721017987918
4.15 1.9858029961880554
4.25 2.1121123581516543
4.3500000000000005 2.226111243043752
4.45 2.336133945148484
4.55 2.4586493571521104
4.65 2.54518408693676
4.75 2.641320005349575
4.8500000000000005 2.7100590772810316
4.95 2.7642921615459493
5.050000000000001 2.788184619470028
5.15 2.723170686128155
5.25 2.6911022141449923
5.3500000000000005 2.616642721912878
5.45 2.573940498664222
5.550000000000001 2.5273952222711054
5.65 2.526015734067286
5.75 2.513033050110077
5.8500000000000005 2.547811148968698
5.95 2.5635678425636117
6.050000000000001 2.578899069920771
6.15 2.570948304848535
6.25 2.6021671742215284
6.3500000000000005 2.5952054383849688
6.45 2.5930974510854483
6.550000000000001 2.6081051281506533
6.65 2.5920934562813556
6.75 2.5787123402957652
6.8500000000000005 2.5744390291231287
6.95 2.570179480099632
7.050000000000001 2.553190196123055
7.15 2.5628260687890205
7.25 2.5613420831873768
7.3500000000000005 2.56215261315215
7.45 2.5542080478698983
7.550000000000001 2.5740406262782476
7.65 2.613572165923384
7.75 2.648985067785164
7.8500000000000005 2.689239340052707
7.95 2.731759052647322
8.05 2.7978586095474554
8.15 2.8706768922902626
8.25 2.9108578850688924
8.35 2.9707228787472397
8.450000000000001 2.995680631531476
8.55 3.0204226946983264
8.65 3.053495050199592
8.75 3.0598836433456325
8.85 3.045734760380834
8.950000000000001 3.063715488498982
9.05 3.047113473695863
9.15 3.0645841226796504
9.25 3.098539313651363
9.35 3.1221499241320774
9.450000000000001 3.1412265006849616
9.55 3.1505121744583535
9.65 3.177288018495391
9.75 3.183663592590044
9.850000000000001 3.190441545150053
9.950000000000001 3.2149601208935557
10.05 3.234884609477601
10.15 3.249250862564371
10.25 3.2774038187766523
10.350000000000001 3.324922014224051
10.450000000000001 3.3640090051648928
10.55 3.424111689899445
10.65 3.460384493054915
10.75 3.514734171739326
10.850000000000001 3.565081026209622
10.950000000000001 3.6151636675736833
11.05 3.656565621044151
11.15 3.703825481998799
11.25 3.716494534112604
11.350000000000001 3.7126527914107257
11.450000000000001 3.6934526325686816
11.55 3.64606937314894
11.65 3.6176845798874933
11.75 3.5957455703786985
11.850000000000001 3.5467870614589674
11.950000000000001 3.5021237958121367
12.05 3.4328142255069984
12.15 3.365994173290093
12.25 3.3226130199968824
12.350000000000001 3.257947090822865
12.450000000000001 3.2132083878272097
12.55 3.1572396081213054
12.65 3.1237139453275353
12.75 3.104631732863856
12.850000000000001 3.079062897111496
12.950000000000001 3.0499700665794536
13.05 3.0157499391737055
13.15 2.9892613708631903
13.25 2.933190458703736
13.350000000000001 2.9022021848635244
13.450000000000001 2.8751123245662558
13.55 2.833901333016263
13.65 2.790883123507187
13.75 2.777007578449594
13.850000000000001 2.746497325994581
13.950000000000001 2.7339007838557614
14.05 2.724932435026006
14.15 2.7147709637753255
14.25 2.715288742298509
14.350000000000001 2.6897350760971355
14.450000000000001 2.6919084476886797
14.55 2.678052702066292
14.65 2.6666645263901447
14.75 2.6546059955046375
14.850000000000001 2.642743374276661
14.950000000000001 2.6242130355313593
15.05 2.601025566708073
15.15 2.5722713242535487
15.25 2.5367376907265244
15.350000000000001 2.5081870979042655
15.450000000000001 2.4873305078770107
15.55 2.464832606673566
15.65 2.438233414638723
15.75 2.4145423659410707
15.850000000000001 2.3867520564137714
15.950000000000001 2.3693313360772468
16.05 2.34007589842265
16.150000000000002 2.306221747115723
16.25 2.2829280484239196
16.35 2.267814959533832
16.45 2.2340831197407445
16.55 2.1973787514802776
16.650000000000002 2.1692794465971463
16.75 2.1331924901139314
16.85 2.0974988047902046
16.95 2.0704357855537006
17.05 2.0308852088383675
17.150000000000002 1.9988743976227392
17.25 1.9656111135450316
17.35 1.9361258947941453
17.45 1.9027405942372468
17.55 1.8797197417405649
17.650000000000002 1.857978383634495
17.75 1.828479694981746
17.85 1.8030735966978673
17.95 1.7819601425265355
18.05 1.7589558274386439
18.150000000000002 1.7358894508062384
18.25 1.716075540243865
18.35 1.6889573103196556
18.45 1.6721935390204083
18.55 1.6564787557922998
18.650000000000002 1.6325507790887166
18.75 1.6111590969307037
18.85 1.587879517256338
18.95 1.568880353075577
19.05 1.5506530697961374
19.150000000000002 1.5260972687933185
19.25 1.5074483721020437
19.35 1.4912490680402206
19.450000000000003 1.4668120897750494
19.55 1.44662073962581
19.650000000000002 1.4311538912061315
19.75 1.417786924333025
19.85 1.4014269625022002
19.950000000000003 1.383113725725102
20.05 1.3729796995041663
20.150000000000002 1.3524131982241996
20.25 1.3354824071448417
20.35 1.3209893260077559
20.450000000000003 1.3011803426019424
20.55 1.2852288110650987
20.650000000000002 1.272675537459593
20.75 1.2557224851557884
20.85 1.2392494544299915
20.950000000000003 1.223302396357497
21.05 1.2061209909925523
21.150000000000002 1.1922811241396087
21.25 1.1750709567564992
21.35 1.1603166400138334
21.450000000000003 1.148052492693454
21.55 1.1278689006466704
21.650000000000002 1.1148185471207188
21.75 1.1020607884828153
21.85 1.0883274659647246
21.950000000000003 1.0766791255170607
22.05 1.0616385771297436
22.150000000000002 1.0547744323391448
22.25 1.0382683507582835
22.35 1.0279472284362905
22.450000000000003 1.0137365326894787
22.55 1.0063794567630724
22.650000000000002 0.9937746251011279
22.75 0.9813227585267675
22.85 0.9718852226322993
22.950000000000003 0.9567356005584537
23.05 0.9470775449437836
23.150000000000002 0.9368043923168902
23.25 0.9277875557216269
23.35 0.9128068280942043
23.450000000000003 0.9080816206177965
23.55 0.8957267705300321
23.650000000000002 0.8858554680073607
23.75 0.8782816172059723
23.85 0.8698941796523437
23.950000000000003 0.8583112324861913
24.05 0.8501708704775836
24.150000000000002 0.8412059405668432
24.25 0.8343287255035736
24.35 0.8220576419451262
24.450000000000003 0.8146010120677017
24.55 0.8060052866633591
24.650000000000002 0.798955861392228
24.75 0.7909817446779134
24.85 0.7857526261775797
24.950000000000003 0.7785169910252683
25.05 0.7711042081771102

