0.05 0.0
0.15000000000000002 0.0
0.25 0.0
0.35000000000000003 0.0
0.45 0.0
0.55 0.0
0.65 0.0
0.75 0.0
0.8500000000000001 0.0
0.9500000000000001 0.0
1.05 0.0
1.1500000000000001 0.0
1.25 0.0
1.35 0.0
1.4500000000000002 0.0
1.55 0.0
1.6500000000000001 0.0
1.75 0.0
1.85 0.0
1.9500000000000002 0.0
2.0500000000000003 0.0
2.15 0.0
2.25 0.0
2.35 0.0
2.45 0.0
2.5500000000000003 0.0
2.6500000000000004 0.0
2.75 0.0
2.85 0.0
2.95 0.0
3.0500000000000003 0.0
3.1500000000000004 0.0031118954823592714
3.25 0.010764189947923969
3.35 0.04482114655532034
3.45 0.13118456613112384
3.5500000000000003 0.3424550290175685
3.6500000000000004 0.6492057556349631
3.75 1.0247231338809362
3.85 1.3396607769560576
3.95 1.5607451194983413
4.05 1.6743110804284729
4.15 1.7860370305989985
4.25 1.879776165721953
4.3500000000000005 1.9810651914098822
4.45 2.0962728735935308
4.55 2.157525350564568
4.65 2.2283175425719013
4.75 2.3118796972785454
4.8500000000000005 2.3635983689164317
4.95 2.393524863255619
5.050000000000001 2.4132550916562114
5.15 2.3619403827125236
5.25 2.2848570685311373
5.3500000000000005 2.211198235411141
5.45 2.151763212145699
5.550000000000001 2.102096170922659
5.65 2.0892654228682424
5.75 2.0992325870557598
5.8500000000000005 2.1152582534473154
5.95 2.1158775530627842
6.050000000000001 2.126162724701988
6.15 2.126031167826655
6.25 2.1005301943718653
6.3500000000000005 2.0921888922774037
6.45 2.049565911979308
6.550000000000001 2.057490022490483
6.65 2.0488802078920636
6.75 2.019639638074769
6.8500000000000005 2.006050667319064
6.95 1.9995296139365986
7.050000000000001 1.9724931243515755
7.15 1.9543871488568134
7.25 1.944187842386614
7.3500000000000005 1.9242295020468625
7.45 1.9144414204207587
7.550000000000001 1.9225436896879862
7.65 1.9286413957663968
7.75 1.9637846418416813
7.8500000000000005 1.990874440169987
7.95 2.043858307033175
8.05 2.103282529096851
8.15 2.145558025741104
8.25 2.18788098064812
8.35 2.219846625370436
8.450000000000001 2.249070664104462
8.55 2.263608465032182
8.65 2.2560488266643475
8.75 2.2647415110574056
8.85 2.2617286521363225
8.950000000000001 2.249651589354604
9.05 2.270989506332259
9.15 2.2745505292855466
9.25 2.291077061199946
9.35 2.3089292807575386
9.450000000000001 2.3347710823981296
9.55 2.35049812571657
9.65 2.361525015344455
9.75 2.3662771104284803
9.850000000000001 2.379071003593397
9.950000000000001 2.394441973700087
10.05 2.413238979931376
10.15 2.4423596623343697
10.25 2.4579750741937154
10.350000000000001 2.507655279302136
10.450000000000001 2.5471352127646414
10.55 2.605587557640653
10.65 2.6444491820512077
10.75 2.682600784666849
10.850000000000001 2.7584436693985905
10.950000000000001 2.783991897270185
11.05 2.8348692704883423
11.15 2.888078335336456
11.25 2.9088111155439744
11.350000000000001 2.908803880864139
11.450000000000001 2.8864743929286316
11.55 2.8827509066606782
11.65 2.838638691678355
11.75 2.817515928823533
11.850000000000001 2.774844362334289
11.950000000000001 2.7329940508733075
12.05 2.6899374048839375
12.15 2.6500534170106853
12.25 2.5999490362383426
12.350000000000001 2.5554070714997956
12.450000000000001 2.510745519778951
12.55 2.481077258187187
12.65 2.458634353121414
12.75 2.4395974357350645
12.850000000000001 2.4258938520721474
12.950000000000001 2.413779972190638
13.05 2.391771438411571
13.15 2.36460241987451
13.25 2.3422660724565003
13.350000000000001 2.320801328905241
13.450000000000001 2.298752523365754
13.55 2.2700006925048415
13.65 2.2534051129133106
13.75 2.231403021178932
13.850000000000001 2.2252405727779103
13.950000000000001 2.219101692047737
14.05 2.213186521990047
14.15 2.2190973975565855
14.25 2.2250779868468102
14.350000000000001 2.221101893163302
14.450000000000001 2.226820403560387
14.55 2.2320476477641047
14.65 2.233763332634929
14.75 2.2329703574450597
14.850000000000001 2.2304483041108205
14.950000000000001 2.22469516862871
15.05 2.2155114878585676
15.15 2.212852427674147
15.25 2.199743586895436
15.350000000000001 2.1874918063416007
15.450000000000001 2.1831224470593864
15.55 2.17302539885624
15.65 2.1563034171079303
15.75 2.1566757740325655
15.850000000000001 2.1363908188799208
15.950000000000001 2.1269622581994017
16.05 2.1118652501927
16.150000000000002 2.103481901667908
16.25 2.0973742385974963
16.35 2.0833451462046217
16.45 2.064596351407465
16.55 2.0449120238390317
16.650000000000002 2.0288969334882108
16.75 2.0181978210652725
16.85 2.0005167401209114
16.95 1.9829536979881819
17.05 1.961712812292114
17.150000000000002 1.9401757135645743
17.25 1.9272342369370403
17.35 1.9112249705945865
17.45 1.894459714227971
17.55 1.8818704831227284
17.650000000000002 1.8600043445785164
17.75 1.8456895120614976
17.85 1.835356763275567
17.95 1.820716664823733
18.05 1.816012748737341
18.150000000000002 1.7973376670326227
18.25 1.7865031821986432
18.35 1.776927947583746
18.45 1.7581739546520985
18.55 1.7468454957120383
18.650000000000002 1.7384967292137907
18.75 1.7250735586956456
18.85 1.7081684289082781
18.95 1.6893009041403473
19.05 1.6841674929526116
19.150000000000002 1.6632811740029931
19.25 1.6466632931383787
19.35 1.6272828757183682
19.450000000000003 1.6158182626514137
19.55 1.5956492603473162
19.650000000000002 1.5867702929901124
19.75 1.5675324157220305
19.85 1.5573988655206072
19.950000000000003 1.5440015841481782
20.05 1.5292968601611479
20.150000000000002 1.5080586996985046
20.25 1.4962891143338135
20.35 1.4790571513595214
20.450000000000003 1.4599739886983842
20.55 1.4462713793247588
20.650000000000002 1.4291579765284652
20.75 1.4171019205857736
20.85 1.4001172395078776
20.950000000000003 1.3821185772139628
21.05 1.3677075243582795
21.150000000000002 1.3460338816302573
21.25 1.3348837796959987
21.35 1.3176451039799364
21.450000000000003 1.2990854567913137
21.55 1.2821879216646284
21.650000000000002 1.2663176042080786
21.75 1.249815197048042
21.85 1.2373265941216853
21.950000000000003 1.2199414709511365
22.05 1.2074548273637564
22.150000000000002 1.1910026003117362
22.25 1.176081431017554
22.35 1.1620799586003447
22.450000000000003 1.1460454244948888
22.55 1.135577154055879
22.650000000000002 1.1201233439257905
22.75 1.1106003316160682
22.85 1.0957510684552105
22.950000000000003 1.0765304205816226
23.05 1.067701949328237
23.150000000000002 1.0562968117847906
23.25 1.041416757453976
23.35 1.0278071788444711
23.450000000000003 1.017677929050528
23.55 1.0033960407194424
23.650000000000002 0.9919305206256286
23.75 0.9837051052204596
23.85 0.9690427295884952
23.950000000000003 0.9581113690785936
24.05 0.948765949839507
24.150000000000002 0.9355356679144323
24.25 0.926585032867374
24.35 0.9197273762200381
24.450000000000003 0.9068876749005204
24.55 0.8982151933575995
24.650000000000002 0.8876052785678713
24.75 0.878238812622846
24.85 0.8685104751960546
24.950000000000003 0.8654868477981685
25.05 0.8550389548998024

