0.05 0.0
0.15000000000000002 0.0
0.25 0.0
0.35000000000000003 0.0
0.45 0.0
0.55 0.0
0.65 0.0
0.75 0.0
0.8500000000000001 0.0
0.9500000000000001 0.0
1.05 0.0
1.1500000000000001 0.0
1.25 0.0
1.35 0.0
1.4500000000000002 0.0
1.55 0.0
1.6500000000000001 0.0
1.75 0.0
1.85 0.0
1.9500000000000002 0.0
2.0500000000000003 0.0
2.15 0.0
2.25 0.0
2.35 0.0
2.45 0.0
2.5500000000000003 0.0
2.6500000000000004 0.0
2.75 0.0
2.85 0.0
2.95 0.0
3.0500000000000003 0.0014424885158344412
3.1500000000000004 0.018105041244426807
3.25 0.09174291145904687
3.35 0.2923394667326472
3.45 0.7033784891801325
3.5500000000000003 1.2503354683559527
3.6500000000000004 1.9098416402476956
3.75 2.5616926636375257
3.85 3.0708908615596147
3.95 3.44462983495294
4.05 3.686977438437554
4.15 3.8666621483876282
4.25 3.9652283553719196
4.3500000000000005 4.0516378354753995
4.45 4.119329597712064
4.55 4.178533166466596
4.65 4.236799799307079
4.75 4.335905541368405
4.8500000000000005 4.3755723164860925
4.95 4.417108069721575
5.050000000000001 4.442678023164013
5.15 4.440969281285647
5.25 4.4231181607219785
5.3500000000000005 4.400899721681641
5.45 4.373297127767751
5.550000000000001 4.3440900660598345
5.65 4.315167712588377
5.75 4.258611052066407
5.8500000000000005 4.253776207153168
5.95 4.221774354405679
6.050000000000001 4.188451454062866
6.15 4.1589410902799955
6.25 4.121203550492681
6.3500000000000005 4.067002433773986
6.45 4.018168650874014
6.550000000000001 3.988920912492563
6.65 3.956810638407378
6.75 3.904635610011675
6.8500000000000005 3.8740289673679946
6.95 3.8477900612191887
7.050000000000001 3.8193886370435255
7.15 3.769381250005012
7.25 3.734659785042029
7.3500000000000005 3.684403423920792
7.45 3.640551510834482
7.550000000000001 3.593749158171722
7.65 3.59430819605962
7.75 3.5506134498503563
7.8500000000000005 3.5363622676697624
7.95 3.5296242627970393
8.05 3.518891952898915
8.15 3.5136388023479235
8.25 3.509069755995895
8.35 3.49426358082393
8.450000000000001 3.4618328827941087
8.55 3.4491312405393098
8.65 3.418840772186082
8.75 3.3891399691558224
8.85 3.3711393285717115
8.950000000000001 3.3535527078310157
9.05 3.3451690869399604
9.15 3.345567749692069
9.25 3.3503050686053415
9.35 3.3605348427582236
9.450000000000001 3.346402019224857
9.55 3.348583222878037
9.65 3.33261080369945
9.75 3.325869932858121
9.850000000000001 3.3163405279217186
9.950000000000001 3.3205676482028283
10.05 3.3312293216421214
10.15 3.34464703076139
10.25 3.37642317194614
10.350000000000001 3.426064559726559
10.450000000000001 3.4854566046863122
10.55 3.5583305321654275
10.65 3.6392197777672433
10.75 3.7461518444770032
10.850000000000001 3.8475513007071953
10.950000000000001 3.9421442406583225
11.05 4.003466688347317
11.15 4.028054567959042
11.25 3.9999588976629754
11.350000000000001 3.937920405809441
11.450000000000001 3.853073590331687
11.55 3.749005818017771
11.65 3.6458013181340387
11.75 3.5340367905451537
11.850000000000001 3.416779909164929
11.950000000000001 3.3143536627220933
12.05 3.206872330419194
12.15 3.101731737271562
12.25 3.023811826918423
12.350000000000001 2.9263814391962497
12.450000000000001 2.862530125685519
12.55 2.7838462326914333
12.65 2.721461433811522
12.75 2.657681348911999
12.850000000000001 2.6029730119679515
12.950000000000001 2.5493267897153955
13.05 2.478160023000034
13.15 2.41461577599801
13.25 2.349786409405917
13.350000000000001 2.277747435328139
13.450000000000001 2.209250214943833
13.55 2.141957175640914
13.65 2.0791150926426005
13.75 2.0146374890846297
13.850000000000001 1.9586067462337513
13.950000000000001 1.9161868897035061
14.05 1.867002992448729
14.15 1.834031184851686
14.25 1.808037280155501
14.350000000000001 1.773996834427495
14.450000000000001 1.7481703494568606
14.55 1.7229576239391573
14.65 1.6954873117613298
14.75 1.6672869059161881
14.850000000000001 1.6424226596464129
14.950000000000001 1.6129640717394125
15.05 1.5818706317566946
15.15 1.5508510149726684
15.25 1.5159903317223644
15.350000000000001 1.4807744684294426
15.450000000000001 1.4501958643721802
15.55 1.4128781317651609
15.65 1.383369354078859
15.75 1.3593495926063721
15.850000000000001 1.332244882864136
15.950000000000001 1.3085782929355838
16.05 1.289859691807637
16.150000000000002 1.26772871570675
16.25 1.2560583084107437
16.35 1.2395462558729458
16.45 1.2252314631906476
16.55 1.2082770265860525
16.650000000000002 1.1960792863071172
16.75 1.1803118865452016
16.85 1.1651744181420658
16.95 1.14798109017453
17.05 1.1305455723584301
17.150000000000002 1.1113952676581704
17.25 1.0932967847698447
17.35 1.075101409911582
17.45 1.0578412731966458
17.55 1.043506782175506
17.650000000000002 1.0272324609108574
17.75 1.0122981485741263
17.85 0.9959635666743404
17.95 0.9798362345279851
18.05 0.9650571375651845
18.150000000000002 0.9553545498521228
18.25 0.9410674293587914
18.35 0.9312337930457103
18.45 0.9224853989562889
18.55 0.9155175245540778
18.650000000000002 0.9043623012302563
18.75 0.8972359435504208
18.85 0.8882642753020302
18.95 0.8782789469104398
19.05 0.8654074473710583
19.150000000000002 0.8533525998295137
19.25 0.8438935351761666
19.35 0.8318027999299963
19.450000000000003 0.8222100835539458
19.55 0.8116762198580456
19.650000000000002 0.8017109973841348
19.75 0.7921101793786854
19.85 0.7851144080225791
19.950000000000003 0.7751126301045863
20.05 0.7636557610262412
20.150000000000002 0.7549676651234771
20.25 0.7473821034639608
20.35 0.7409409920310226
20.450000000000003 0.7324109390070205
20.55 0.7253892328784719
20.650000000000002 0.7184472250729164
20.75 0.7117583943693366
20.85 0.7063951801467748
20.950000000000003 0.7004898325912522
21.05 0.6919559763642245
21.150000000000002 0.6879917839045928
21.25 0.6804192225744409
21.35 0.6718174237645261
21.450000000000003 0.6676060722708086
21.55 0.6580085376700286
21.650000000000002 0.6537657030639966
21.75 0.646168729596545
21.85 0.639846898666501
21.950000000000003 0.633101907288796
22.05 0.6268087437652617
22.150000000000002 0.6216722001541889
22.25 0.6152636902622125
22.35 0.6115659116582673
22.450000000000003 0.6055003137506009
22.55 0.6005124475417255
22.650000000000002 0.596477683733406
22.75 0.591260362955401
22.85 0.5854108609687418
22.950000000000003 0.5830507985131864
23.05 0.5771966658491761
23.150000000000002 0.571734908092467
23.25 0.5684118139088423
23.35 0.5653953967516597
23.450000000000003 0.559712682195973
23.55 0.5578224093633674
23.650000000000002 0.5535753904275228
23.75 0.5484719193439682
23.85 0.5438491261944695
23.950000000000003 0.5428923427172294
24.05 0.5370723266087869
24.150000000000002 0.5308467612995695
24.25 0.5286120692865491
24.35 0.5256989128838842
24.450000000000003 0.521158258462179
24.55 0.5178656447429716
24.650000000000002 0.515617111057247
24.75 0.5128100297317114
24.85 0.5105072567501296
24.950000000000003 0.5085141785898583
25.05 0.5064756775097106

