0.05 0.0
0.15000000000000002 0.0
0.25 0.0
0.35000000000000003 0.0
0.45 0.0
0.55 0.0
0.65 0.0
0.75 0.0
0.8500000000000001 0.0
0.9500000000000001 0.0
1.05 0.0
1.1500000000000001 0.0
1.25 0.0
1.35 0.0
1.4500000000000002 0.0
1.55 0.0
1.6500000000000001 0.0
1.75 0.0
1.85 0.0
1.9500000000000002 0.0
2.0500000000000003 0.0
2.15 0.0
2.25 0.0
2.35 0.0
2.45 0.0
2.5500000000000003 0.0
2.6500000000000004 0.0
2.75 0.0
2.85 0.0
2.95 0.0
3.0500000000000003 0.00752024189356033
3.1500000000000004 0.07681611579299724
3.25 0.292651838660806
3.35 0.7967131096008181
3.45 1.6981703699509696
3.5500000000000003 2.863099601303498
3.6500000000000004 3.8531515938115857
3.75 5.072118520415103
3.85 5.833937951844601
3.95 6.486811450274296
4.05 6.9841411088022625
4.15 7.349393888762406
4.25 7.556053898196569
4.3500000000000005 7.93203536953165
4.45 8.139710898096777
4.55 8.426504088354442
4.65 8.871866705730202
4.75 9.191872712590701
4.8500000000000005 9.62800801895858
4.95 9.81457686173611
5.050000000000001 10.094221048604945
5.15 10.216735394986136
5.25 10.296758015144752
5.3500000000000005 10.459227734632854
5.45 10.287225345893006
5.550000000000001 10.231989760906309
5.65 10.207737906488505
5.75 10.388801162190035
5.8500000000000005 10.161554278337368
5.95 10.063238324473263
6.050000000000001 9.971616766181366
6.15 9.917680137457955
6.25 9.770247148644591
6.3500000000000005 9.740234778707709
6.45 9.618485254462428
6.550000000000001 9.599814598038012
6.65 9.536290014100999
6.75 9.40372083904788
6.8500000000000005 9.30933684938563
6.95 9.262355843974367
7.050000000000001 9.110259868018293
7.15 9.08589146484504
7.25 8.96519771486197
7.3500000000000005 8.858003217017822
7.45 8.751279700907338
7.550000000000001 8.725431508388112
7.65 8.716044141139305
7.75 8.605783219600134
7.8500000000000005 8.572638492292558
7.95 8.514901898120263
8.05 8.470449589106764
8.15 8.406657659506255
8.25 8.349020519407722
8.35 8.28727160354425
8.450000000000001 8.297005726648907
8.55 8.169262814939001
8.65 8.089489808669144
8.75 8.117766412011278
8.85 8.023752178870962
8.950000000000001 8.02627097028161
9.05 7.971830623276359
9.15 8.01633068139129
9.25 7.924473000467776
9.35 7.908640289655646
9.450000000000001 7.908848201817074
9.55 7.9112643229590995
9.65 7.88312833159993
9.75 7.873427922065419
9.850000000000001 7.831987015831994
9.950000000000001 7.864713606694941
10.05 7.913096514179266
10.15 7.90309363624389
10.25 8.009448997237804
10.350000000000001 8.08105844754126
10.450000000000001 8.195061701388122
10.55 8.342173620207637
10.65 8.439462669047035
10.75 8.639576290229705
10.850000000000001 8.807001053722423
10.950000000000001 8.988912265761655
11.05 9.06121772209134
11.15 9.09247479411383
11.25 9.070568589160835
11.350000000000001 8.914611271779291
11.450000000000001 8.829154901693196
11.55 8.617597319324302
11.65 8.459416672891608
11.75 8.360130423908346
11.850000000000001 8.196728437365328
11.950000000000001 8.048298695454509
12.05 7.8796174951570235
12.15 7.774298088085921
12.25 7.56456490697084
12.350000000000001 7.42408454900429
12.450000000000001 7.238593189834937
12.55 7.03490429129968
12.65 6.8485616862140075
12.75 6.617547265634271
12.850000000000001 6.451655477373139
12.950000000000001 6.202145647235515
13.05 6.024362464058015
13.15 5.84560823639241
13.25 5.660460145263557
13.350000000000001 5.511449626687879
13.450000000000001 5.3658970860103015
13.55 5.196462974568919
13.65 5.066504457661923
13.75 4.887014920827044
13.850000000000001 4.811282233971998
13.950000000000001 4.686991554965589
14.05 4.599052633277998
14.15 4.462993452293037
14.25 4.350575913252454
14.350000000000001 4.286226062035965
14.450000000000001 4.196283307761144
14.55 4.08358282354057
14.65 4.003805744847049
14.75 3.904523898744743
14.850000000000001 3.824187535916194
14.950000000000001 3.775562959947396
15.05 3.6705620692344536
15.15 3.5772327603383114
15.25 3.5116562175052786
15.350000000000001 3.4372491815816444
15.450000000000001 3.3649378817214437
15.55 3.2927560554959103
15.65 3.2504828185526247
15.75 3.1517566584124945
15.850000000000001 3.1142489075910813
15.950000000000001 3.0654312041416416
16.05 3.0122119007371833
16.150000000000002 2.9587773323678896
16.25 2.892600675092996
16.35 2.8786936733424238
16.45 2.8007721690539276
16.55 2.762034832524071
16.650000000000002 2.7251949908260364
16.75 2.6827467697751084
16.85 2.625861865372736
16.95 2.577097505806067
17.05 2.5482815285580576
17.150000000000002 2.491276480063495
17.25 2.465807382153971
17.35 2.44592958884389
17.45 2.3941567217177484
17.55 2.3510827005112405
17.650000000000002 2.3158365620300443
17.75 2.268778779593719
17.85 2.2367093785549126
17.95 2.2148114520219413
18.05 2.1924290437262575
18.150000000000002 2.1595836517581635
18.25 2.125315124195125
18.35 2.0926282534363887
18.45 2.0644695172920757
18.55 2.0436734811623807
18.650000000000002 2.0114201993604315
18.75 1.9925099792287557
18.85 1.9457242896550004
18.95 1.9354334784434333
19.05 1.907805831258983
19.150000000000002 1.8892734375411848
19.25 1.8614324663929653
19.35 1.8303235847468018
19.450000000000003 1.8190774551642233
19.55 1.791103323597263
19.650000000000002 1.7630628784567224
19.75 1.7370479487496844
19.85 1.728798478052437
19.950000000000003 1.69473786850855
20.05 1.6826667157271282
20.150000000000002 1.6710149194316941
20.25 1.639959329531183
20.35 1.625637945306204
20.450000000000003 1.612675290519648
20.55 1.583346536211388
20.650000000000002 1.5771994101190454
20.75 1.54747789387703
20.85 1.5297059545039802
20.950000000000003 1.5249717449505074
21.05 1.4967815974998475
21.150000000000002 1.4805754909067708
21.25 1.4801327054111169
21.35 1.4509583101094687
21.450000000000003 1.431143339955579
21.55 1.4250118380488015
21.650000000000002 1.4018575872029388
21.75 1.3936840517356162
21.85 1.378876775737943
21.950000000000003 1.3523200409288911
22.05 1.352910049607678
22.150000000000002 1.3327398171523779
22.25 1.3293127527739141
22.35 1.3066551578155279
22.450000000000003 1.2928652182278004
22.55 1.2799483164234062
22.650000000000002 1.2673271864212925
22.75 1.2516327401588458
22.85 1.2440242522617253
22.950000000000003 1.2294510699029098
23.05 1.2241624408575094
23.150000000000002 1.2108448975262247
23.25 1.197586793093478
23.35 1.1888842887105797
23.450000000000003 1.1777408274343273
23.55 1.1733862617249198
23.650000000000002 1.150126704673527
23.75 1.1396982708672951
23.85 1.1298236512073507
23.950000000000003 1.1297860107990725
24.05 1.1120337452526377
24.150000000000002 1.0999504129264475
24.25 1.0985635042267194
24.35 1.0875931962167835
24.450000000000003 1.0837372440522512
24.55 1.0644547573894825
24.650000000000002 1.0576816287832294
24.75 1.0499716717445142
24.85 1.0421892352827866
24.950000000000003 1.0224389867774275
25.05 1.0247234305447142

