0.05 0.0
0.15000000000000002 0.0
0.25 0.0
0.35000000000000003 0.0
0.45 0.0
0.55 0.0
0.65 0.0
0.75 0.0
0.8500000000000001 0.0
0.9500000000000001 0.0
1.05 0.0
1.1500000000000001 0.0
1.25 0.0
1.35 0.0
1.4500000000000002 0.0
1.55 0.0
1.6500000000000001 0.0
1.75 0.0
1.85 0.0
1.9500000000000002 0.0
2.0500000000000003 0.0
2.15 0.0
2.25 0.0
2.35 0.0
2.45 0.0
2.5500000000000003 0.0
2.6500000000000004 0.0
2.75 0.0023160531644377718
2.85 0.004315714855498058
2.95 0.007048799318307212
3.0500000000000003 0.009410463835367198
3.1500000000000004 0.05648848179168211
3.25 0.2562413280140574
3.35 0.7717761582960263
3.45 1.8172803342496302
3.5500000000000003 3.2119168672276355
3.6500000000000004 4.854505529952038
3.75 6.489222187116712
3.85 7.828570865280287
3.95 8.622037962530314
4.05 9.035105472317527
4.15 9.335575851062428
4.25 9.51513812503621
4.3500000000000005 9.611090649066298
4.45 9.753529044268518
4.55 9.852764355321732
4.65 9.920941244339367
4.75 9.976433663139554
4.8500000000000005 9.914164884942288
4.95 10.00997358884071
5.050000000000001 10.056458858897154
5.15 10.124126455921548
5.25 10.00401426844433
5.3500000000000005 10.02299384119872
5.45 9.92722908482985
5.550000000000001 9.825709742913073
5.65 9.788631200061838
5.75 9.736213043310704
5.8500000000000005 9.608297735459622
5.95 9.552043667151258
6.050000000000001 9.412922624438922
6.15 9.31813751354772
6.25 9.155434090201776
6.3500000000000005 9.100745913588531
6.45 8.913169682134642
6.550000000000001 8.878985476899047
6.65 8.795411946853859
6.75 8.739077584925022
6.8500000000000005 8.674656005561044
6.95 8.66532156428402
7.050000000000001 8.522429706870764
7.15 8.468575027293896
7.25 8.377246068885434
7.3500000000000005 8.270072587083922
7.45 8.287505198287382
7.550000000000001 8.236291480081633
7.65 8.124820035236219
7.75 8.084440642040082
7.8500000000000005 8.020405771109163
7.95 8.054306871859525
8.05 7.953679114985825
8.15 7.964911965059436
8.25 7.960987324469342
8.35 7.9005281208844735
8.450000000000001 7.828784551412753
8.55 7.818337558474603
8.65 7.786363744375409
8.75 7.7849137514835345
8.85 7.7121027515139815
8.950000000000001 7.757860046183672
9.05 7.804026000046338
9.15 7.767445856964224
9.25 7.775198838044509
9.35 7.809421309002965
9.450000000000001 7.806248845169243
9.55 7.830039001196877
9.65 7.733275776089166
9.75 7.712285248544093
9.850000000000001 7.720906940441408
9.950000000000001 7.715845625657081
10.05 7.743292284608195
10.15 7.779900893246935
10.25 7.831572299774393
10.350000000000001 7.971820851325734
10.450000000000001 8.11771492714287
10.55 8.270006603817778
10.65 8.507911556779531
10.75 8.702104326277068
10.850000000000001 8.948415763379286
10.950000000000001 9.186827812698427
11.05 9.274513037578954
11.15 9.34335471916886
11.25 9.277718848185598
11.350000000000001 9.069253566148202
11.450000000000001 8.838761487383918
11.55 8.545688668654195
11.65 8.268935089727721
11.75 7.958686062864268
11.850000000000001 7.710126491107688
11.950000000000001 7.456991870537185
12.05 7.193367200968292
12.15 6.969733318815574
12.25 6.719465943332867
12.350000000000001 6.585537044640606
12.450000000000001 6.387108448662977
12.55 6.237512497459692
12.65 6.0851687749791115
12.75 5.939057138696023
12.850000000000001 5.835832012241934
12.950000000000001 5.68081436397742
13.05 5.576525374981625
13.15 5.4541600061018825
13.25 5.298400410398158
13.350000000000001 5.187781329844148
13.450000000000001 4.975131384212351
13.55 4.865817208119601
13.65 4.7226451957777575
13.75 4.5875246118682895
13.850000000000001 4.463865233994633
13.950000000000001 4.37584858505843
14.05 4.2593576087051455
14.15 4.192773447817714
14.25 4.107517265983578
14.350000000000001 4.0496319988240845
14.450000000000001 3.9937914803012684
14.55 3.9347965100114233
14.65 3.8618529768466203
14.75 3.818582237215581
14.850000000000001 3.772866701919657
14.950000000000001 3.6957853915547263
15.05 3.6666494508830962
15.15 3.6207669840712704
15.25 3.525622429191044
15.350000000000001 3.4644198856426103
15.450000000000001 3.3874036687044002
15.55 3.346708749072479
15.65 3.2647364421362544
15.75 3.2176641620670305
15.850000000000001 3.1358813672806902
15.950000000000001 3.1046855501780595
16.05 3.0471667550283232
16.150000000000002 2.9958493654277216
16.25 2.9653924331085877
16.35 2.920248223875066
16.45 2.878520285956864
16.55 2.831715890361058
16.650000000000002 2.7966506159952274
16.75 2.7645180632484663
16.85 2.714555819855994
16.95 2.6931995866320397
17.05 2.639732457213787
17.150000000000002 2.5975473926144055
17.25 2.5564540075416877
17.35 2.509251800848685
17.45 2.4527689541369053
17.55 2.4217974206779256
17.650000000000002 2.3867843596601532
17.75 2.346103778986965
17.85 2.3103758673711186
17.95 2.2855118212315464
18.05 2.242116016469388
18.150000000000002 2.213336702008591
18.25 2.175767720062796
18.35 2.1500795807574553
18.45 2.1355044968664174
18.55 2.101158124210354
18.650000000000002 2.070627256169618
18.75 2.047039765298128
18.85 2.0258196957386407
18.95 2.0099423631782543
19.05 1.9803254757863218
19.150000000000002 1.9511735521506126
19.25 1.9298324581553892
19.35 1.902986510592322
19.450000000000003 1.8702227406684582
19.55 1.8465101796288355
19.650000000000002 1.8360471695727625
19.75 1.8077528477851041
19.85 1.7798667539027024
19.950000000000003 1.7551355510767888
20.05 1.7368997023178214
20.150000000000002 1.7159250774038681
20.25 1.6941969861600825
20.35 1.6808732934650195
20.450000000000003 1.6617578588577597
20.55 1.6412135925441815
20.650000000000002 1.6234487006438585
20.75 1.6050196279683413
20.85 1.5883282364772513
20.950000000000003 1.5738819900382057
21.05 1.553260052514676
21.150000000000002 1.5454346487028245
21.25 1.5267643519545626
21.35 1.5118346527550948
21.450000000000003 1.4956722499083686
21.55 1.485973067368652
21.650000000000002 1.4550879019515148
21.75 1.4493045029137956
21.85 1.4313824165776012
21.950000000000003 1.4168839646255074
22.05 1.394931625200624
22.150000000000002 1.3838338867911195
22.25 1.3794090474975143
22.35 1.3482637600012661
22.450000000000003 1.341612015568595
22.55 1.3277287742474573
22.650000000000002 1.318646741173603
22.75 1.3055264682632646
22.85 1.294697649258069
22.950000000000003 1.2758661326481742
23.05 1.2580883893827157
23.150000000000002 1.2580332344096858
23.25 1.253042347117015
23.35 1.2330914201144503
23.450000000000003 1.2165353757956368
23.55 1.2118137528981108
23.650000000000002 1.2016682188963477
23.75 1.1919116836664667
23.85 1.1741474286261797
23.950000000000003 1.1567344044217167
24.05 1.159887886410094
24.150000000000002 1.141069040796021
24.25 1.1249543185043516
24.35 1.1219184973382292
24.450000000000003 1.1097024441401862
24.55 1.1031687447947816
24.650000000000002 1.0895087403400476
24.75 1.0756294156050288
24.85 1.0660937689636565
24.950000000000003 1.0594942283293811
25.05 1.0536409284885824

