0.05 0.0
0.15000000000000002 0.0
0.25 0.0
0.35000000000000003 0.0
0.45 0.0
0.55 0.0
0.65 0.0
0.75 0.0
0.8500000000000001 0.0
0.9500000000000001 0.0
1.05 0.0
1.1500000000000001 0.0
1.25 0.0
1.35 0.0
1.4500000000000002 0.0
1.55 0.0
1.6500000000000001 0.0
1.75 0.0
1.85 0.0
1.9500000000000002 0.0
2.0500000000000003 0.0
2.15 0.0
2.25 0.0
2.35 0.0
2.45 0.0
2.5500000000000003 0.0
2.6500000000000004 0.0
2.75 0.0
2.85 0.0
2.95 0.0
3.0500000000000003 0.0009426337969219793
3.1500000000000004 0.007947718601735723
3.25 0.06052686276128483
3.35 0.1771283236028488
3.45 0.39878882418167316
3.5500000000000003 0.7448846060751552
3.6500000000000004 1.1925193491683583
3.75 1.6826038032261927
3.85 2.218013783448221
3.95 2.7070549037254152
4.05 3.2821667825399072
4.15 3.773462118650151
4.25 4.35940959584917
4.3500000000000005 4.914338666241781
4.45 5.617050975183151
4.55 6.295199866392684
4.65 7.089583317208322
4.75 7.966972340715807
4.8500000000000005 8.51422599891706
4.95 9.108231235510207
5.050000000000001 9.36619880852509
5.15 9.58602428410213
5.25 9.759398045920458
5.3500000000000005 10.008682119496646
5.45 9.841527731736702
5.550000000000001 9.960373866559713
5.65 9.92130387674258
5.75 9.913834353321674
5.8500000000000005 9.880859689060369
5.95 9.803454952402198
6.050000000000001 9.781417475774864
6.15 9.815980319311254
6.25 9.738100249551447
6.3500000000000005 9.666761912131678
6.45 9.549002264090106
6.550000000000001 9.408346690766855
6.65 9.41096841713546
6.75 9.314890981037408
6.8500000000000005 9.229831472243635
6.95 9.15690681054167
7.050000000000001 8.994427143903584
7.15 8.92397201196305
7.25 8.853616077456685
7.3500000000000005 8.810280866569357
7.45 8.648436379171558
7.550000000000001 8.599637444680269
7.65 8.522622279540649
7.75 8.458788281119153
7.8500000000000005 8.358965602031818
7.95 8.289954291449043
8.05 8.213777289099676
8.15 8.155518090891611
8.25 8.068245741095554
8.35 8.069794903899869
8.450000000000001 8.014838681429922
8.55 7.960431994157681
8.65 7.900988205564563
8.75 7.823965334275933
8.85 7.7903329828413055
8.950000000000001 7.774007393829599
9.05 7.693405227685109
9.15 7.700087501451811
9.25 7.604963703445921
9.35 7.657691476597289
9.450000000000001 7.608061770386478
9.55 7.648231091232789
9.65 7.528857377439653
9.75 7.486122082174703
9.850000000000001 7.514945245592923
9.950000000000001 7.47964548736176
10.05 7.5103131894310975
10.15 7.521994067362168
10.25 7.520203189874673
10.350000000000001 7.583810855108059
10.450000000000001 7.587481345190289
10.55 7.681453657114782
10.65 7.762599405127441
10.75 7.825328160534741
10.850000000000001 7.894992004905573
10.950000000000001 7.992498272108627
11.05 8.096298041406895
11.15 8.183933004760965
11.25 8.26677075699258
11.350000000000001 8.400740253830463
11.450000000000001 8.433931315340248
11.55 8.533814332238016
11.65 8.54370065452451
11.75 8.535682769190295
11.850000000000001 8.554545631961897
11.950000000000001 8.525629892663215
12.05 8.466080626125144
12.15 8.320879434867996
12.25 8.16438832906654
12.350000000000001 7.974766229298322
12.450000000000001 7.696647107580651
12.55 7.500259758769483
12.65 7.261182676088176
12.75 7.019777929634836
12.850000000000001 6.745413991053618
12.950000000000001 6.555644392613571
13.05 6.363576141680264
13.15 6.138251666951983
13.25 5.944434742024655
13.350000000000001 5.782054816820725
13.450000000000001 5.561659279449185
13.55 5.398875202467573
13.65 5.256224720480571
13.75 5.106138566290732
13.850000000000001 4.927790869806368
13.950000000000001 4.791364917109786
14.05 4.665252230022324
14.15 4.560067182582858
14.25 4.431208040377372
14.350000000000001 4.356215827890329
14.450000000000001 4.2083422768349985
14.55 4.136979412544533
14.65 4.023450757716632
14.75 3.9360672155971734
14.850000000000001 3.8304568818086353
14.950000000000001 3.76767039185018
15.05 3.662126411185881
15.15 3.6029687203011824
15.25 3.510989347027748
15.350000000000001 3.4309194195378816
15.450000000000001 3.3778300440641758
15.55 3.301889981538454
15.65 3.2563909880884574
15.75 3.173151014808004
15.850000000000001 3.117963063438568
15.950000000000001 3.065356706053993
16.05 3.021672239706442
16.150000000000002 2.9664425220591597
16.25 2.899861689474217
16.35 2.8476369103507593
16.45 2.8107441185429067
16.55 2.7674405160859186
16.650000000000002 2.7223213844373246
16.75 2.671753049434396
16.85 2.6200659550840304
16.95 2.5941359858771316
17.05 2.5321279994044703
17.150000000000002 2.492072649309612
17.25 2.4576756945426754
17.35 2.420526427379944
17.45 2.3773638950851983
17.55 2.352965624136668
17.650000000000002 2.3175348486442213
17.75 2.2928765896882686
17.85 2.2569356608039723
17.95 2.2191214745938717
18.05 2.18643534746231
18.150000000000002 2.1519094169867454
18.25 2.1334631853158745
18.35 2.0994400567982554
18.45 2.067838710743757
18.55 2.0499437505920795
18.650000000000002 2.022804429663718
18.75 1.9963046647562401
18.85 1.964556037562231
18.95 1.9472523783355566
19.05 1.913856488627192
19.150000000000002 1.8892788124829536
19.25 1.8667626978225218
19.35 1.8433959675317246
19.450000000000003 1.8194224857088386
19.55 1.79917819239469
19.650000000000002 1.7714698378454856
19.75 1.7641681714276594
19.85 1.7313835537631947
19.950000000000003 1.7114307944480007
20.05 1.6991580682751513
20.150000000000002 1.6943994840490033
20.25 1.660115941848545
20.35 1.6286991054860986
20.450000000000003 1.6176119858403608
20.55 1.6138198344936134
20.650000000000002 1.5821125790634456
20.75 1.5653282635819243
20.85 1.545132978802151
20.950000000000003 1.540124615118809
21.05 1.515815421345521
21.150000000000002 1.501178610450265
21.25 1.480867130295037
21.35 1.4665946554771885
21.450000000000003 1.4485045416416367
21.55 1.439085334499498
21.650000000000002 1.4230243736403194
21.75 1.3995523754645294
21.85 1.3907365483966874
21.950000000000003 1.3672278682395875
22.05 1.3630732480268175
22.150000000000002 1.3488969452882644
22.25 1.3260570700846515
22.35 1.3273640814400127
22.450000000000003 1.3094000189494184
22.55 1.2978116792146797
22.650000000000002 1.2820714634876313
22.75 1.2665841287368609
22.85 1.2570955608007708
22.950000000000003 1.238961357051371
23.05 1.2311086252449186
23.150000000000002 1.221235830301516
23.25 1.2055987932002041
23.35 1.1953238398141581
23.450000000000003 1.1872642157125048
23.55 1.1751366345542806
23.650000000000002 1.1604465924011447
23.75 1.1552961039580585
23.85 1.1363159497923465
23.950000000000003 1.131782222293508
24.05 1.1219114806440258
24.150000000000002 1.1121781954586638
24.25 1.1021289840206965
24.35 1.0841326969574474
24.450000000000003 1.0898867033691375
24.55 1.0720445978381954
24.650000000000002 1.0673993030221138
24.75 1.0545672812212072
24.85 1.0515665756104788
24.950000000000003 1.0338250008810737
25.05 1.0299377529850002

