0.05 0.0
0.15000000000000002 0.0
0.25 0.0
0.35000000000000003 0.0
0.45 0.0
0.55 0.0
0.65 0.0
0.75 0.0
0.8500000000000001 0.0
0.9500000000000001 0.0
1.05 0.0
1.1500000000000001 0.0
1.25 0.0
1.35 0.0
1.4500000000000002 0.0
1.55 0.0
1.6500000000000001 0.0
1.75 0.0
1.85 0.0
1.9500000000000002 0.0
2.0500000000000003 0.0
2.15 0.0
2.25 0.0
2.35 0.0
2.45 0.0
2.5500000000000003 0.0
2.6500000000000004 0.0
2.75 0.0
2.85 0.0
2.95 0.0
3.0500000000000003 0.0018865561427160655
3.1500000000000004 0.015007551045545018
3.25 0.12349323759961359
3.35 0.4089061350016199
3.45 1.0654427985535937
3.5500000000000003 2.1611583056470085
3.6500000000000004 3.623271923461117
3.75 5.197438447440395
3.85 6.4449254609057505
3.95 7.233874407768205
4.05 7.894962579786494
4.15 8.312489701036007
4.25 8.759749814890133
4.3500000000000005 9.206015391252558
4.45 9.567531494774007
4.55 10.185655398478334
4.65 10.708331438664214
4.75 10.997297087228182
4.8500000000000005 11.390635409756477
4.95 11.562640357611777
5.050000000000001 11.680813711590496
5.15 11.627450830427652
5.25 11.461092118922716
5.3500000000000005 11.361817640136668
5.45 11.093481909212674
5.550000000000001 11.006430233754608
5.65 10.917876077839335
5.75 10.696463028864102
5.8500000000000005 10.582745904827208
5.95 10.501055420335977
6.050000000000001 10.407984828906715
6.15 10.20196898782546
6.25 10.163978460084692
6.3500000000000005 10.078641744877551
6.45 9.9555608278277
6.550000000000001 9.989394637635282
6.65 9.862511294496397
6.75 9.746162931766907
6.8500000000000005 9.689966829624883
6.95 9.580690007039664
7.050000000000001 9.541989129345163
7.15 9.386448504268834
7.25 9.276325192050678
7.3500000000000005 9.119194883822814
7.45 9.051671358987846
7.550000000000001 8.93602533368478
7.65 8.824666216435427
7.75 8.79975076288447
7.8500000000000005 8.71098410757581
7.95 8.652064517269201
8.05 8.655437552552966
8.15 8.609975202125804
8.25 8.569886484024835
8.35 8.529037603229835
8.450000000000001 8.542531162892457
8.55 8.484460515231738
8.65 8.41343069522251
8.75 8.33923030494615
8.85 8.302283332673293
8.950000000000001 8.255734047989673
9.05 8.267245014186496
9.15 8.223714361079594
9.25 8.195445738912778
9.35 8.165970693350008
9.450000000000001 8.122818217080194
9.55 8.211689236736845
9.65 8.126429730997168
9.75 8.062206838046425
9.850000000000001 8.063383926565281
9.950000000000001 8.058098718353131
10.05 8.105425849757536
10.15 8.164294356181005
10.25 8.215871241649397
10.350000000000001 8.307895692978821
10.450000000000001 8.418353959612816
10.55 8.590464961742445
10.65 8.804893986707363
10.75 8.922911087273516
10.850000000000001 9.162416098571372
10.950000000000001 9.42848968804234
11.05 9.554484459909999
11.15 9.672346836660326
11.25 9.698954466093346
11.350000000000001 9.573834535140186
11.450000000000001 9.467883812437094
11.55 9.270433880221246
11.65 9.080015472095333
11.75 8.832274252965313
11.850000000000001 8.687944078846625
11.950000000000001 8.445881117657539
12.05 8.191944725914816
12.15 7.980822583262429
12.25 7.681849765643929
12.350000000000001 7.378266874672513
12.450000000000001 7.1359413645234095
12.55 6.875439833967559
12.65 6.647214693528884
12.75 6.4123263516795985
12.850000000000001 6.259224493459135
12.950000000000001 6.08499961564309
13.05 5.879568371702423
13.15 5.727142531305905
13.25 5.53733986758385
13.350000000000001 5.388827939215544
13.450000000000001 5.20640004737435
13.55 5.0362794788977965
13.65 4.875384565462081
13.75 4.7316894406146295
13.850000000000001 4.616186933373693
13.950000000000001 4.483419041364828
14.05 4.380108003881255
14.15 4.294320516610223
14.25 4.220570211713167
14.350000000000001 4.160454596298435
14.450000000000001 4.076590873206415
14.55 4.017340854341869
14.65 3.928524351241324
14.75 3.8397980125110247
14.850000000000001 3.779764678917424
14.950000000000001 3.704482485617807
15.05 3.5800208817890193
15.15 3.525708125866249
15.25 3.4339005418045696
15.350000000000001 3.3419450734100757
15.450000000000001 3.2768127395773337
15.55 3.2001766857421603
15.65 3.157501126018812
15.75 3.0662187518791497
15.850000000000001 3.0117026642250413
15.950000000000001 2.9667096185594444
16.05 2.9066219069594714
16.150000000000002 2.8503587708673472
16.25 2.8240914331215135
16.35 2.7899677645408754
16.45 2.7366872304732976
16.55 2.6974182741840464
16.650000000000002 2.6638820686465072
16.75 2.615495848263601
16.85 2.5789951781315805
16.95 2.529561356089578
17.05 2.4813341147812666
17.150000000000002 2.436531167537471
17.25 2.4024910053594057
17.35 2.345435869532859
17.45 2.310723502449224
17.55 2.2805569635927987
17.650000000000002 2.2496469080149466
17.75 2.2086476018819257
17.85 2.168838951335087
17.95 2.1433263732583074
18.05 2.113314744731245
18.150000000000002 2.085212066499071
18.25 2.0689995155768415
18.35 2.024366189220949
18.45 1.9984647689952086
18.55 1.978796355268383
18.650000000000002 1.9552412704633106
18.75 1.93314771793081
18.85 1.900164344481089
18.95 1.883458252877879
19.05 1.8583089951247929
19.150000000000002 1.8244517275975516
19.25 1.8121423138383064
19.35 1.783126136578103
19.450000000000003 1.7505982747102604
19.55 1.7298264129563317
19.650000000000002 1.7178317116146122
19.75 1.6858013434403736
19.85 1.6735376298868285
19.950000000000003 1.6457378816225974
20.05 1.6410861446230272
20.150000000000002 1.6040180855940376
20.25 1.5920231671175795
20.35 1.5808677316862776
20.450000000000003 1.5611745850592254
20.55 1.5439504638210215
20.650000000000002 1.5244442551611357
20.75 1.5073275231118866
20.85 1.4880562902584644
20.950000000000003 1.4686911045825555
21.05 1.4676341692087345
21.150000000000002 1.4481802552125376
21.25 1.445806670643748
21.35 1.4121653660131268
21.450000000000003 1.4049758673284003
21.55 1.388073584469605
21.650000000000002 1.369786255390454
21.75 1.3627852791326374
21.85 1.34219782614249
21.950000000000003 1.3357741816449056
22.05 1.3095717796293371
22.150000000000002 1.3103505395617105
22.25 1.295061312187823
22.35 1.2862853602539701
22.450000000000003 1.2705888065852255
22.55 1.2556743109044277
22.650000000000002 1.2483648697390768
22.75 1.2346054508829118
22.85 1.2230284282383546
22.950000000000003 1.215880108140979
23.05 1.2005218023100024
23.150000000000002 1.1892527359458664
23.25 1.1800063727167
23.35 1.1736114188731805
23.450000000000003 1.1654656130799779
23.55 1.1507634955946937
23.650000000000002 1.1432057285458397
23.75 1.1293099917963119
23.85 1.1195349356826625
23.950000000000003 1.1148346763133243
24.05 1.1011512965668921
24.150000000000002 1.0923373203791367
24.25 1.0822127051762431
24.35 1.0795502068224725
24.450000000000003 1.0625408528551046
24.55 1.0609816823181644
24.650000000000002 1.049318432333514
24.75 1.0390404892691347
24.85 1.0263025599744509
24.950000000000003 1.0199117833240816
25.05 1.0163614747643865

