0.05 0.0
0.15000000000000002 0.0
0.25 0.0
0.35000000000000003 0.0
0.45 0.0
0.55 0.0
0.65 0.0
0.75 0.0
0.8500000000000001 0.0
0.9500000000000001 0.0
1.05 0.0
1.1500000000000001 0.0
1.25 0.0
1.35 0.0
1.4500000000000002 0.0
1.55 0.0
1.6500000000000001 0.0
1.75 0.0
1.85 0.0
1.9500000000000002 0.0
2.0500000000000003 0.0
2.15 0.0
2.25 0.0
2.35 0.0
2.45 0.0
2.5500000000000003 0.0
2.6500000000000004 0.0
2.75 0.0
2.85 0.0
2.95 0.0
3.0500000000000003 0.0
3.1500000000000004 0.0035362933321740585
3.25 0.01907977169389234
3.35 0.08272181953350922
3.45 0.22226792914170074
3.5500000000000003 0.46979272532679817
3.6500000000000004 0.8906421481002424
3.75 1.50076925134837
3.85 2.1458697697727236
3.95 2.970394439175362
4.05 3.741064888608116
4.15 4.384328535529286
4.25 5.179177777075683
4.3500000000000005 5.860168450315629
4.45 6.416283099850526
4.55 6.93363980268853
4.65 7.485901317715514
4.75 8.102721434429256
4.8500000000000005 8.519585023365753
4.95 8.923245676255737
5.050000000000001 9.178375680951406
5.15 9.413645488585558
5.25 9.594125519018741
5.3500000000000005 9.745914566743737
5.45 9.665603048443879
5.550000000000001 9.648619145509254
5.65 9.5646257362351
5.75 9.479106077877894
5.8500000000000005 9.426097110983592
5.95 9.285230514133993
6.050000000000001 9.226232211751652
6.15 9.201705969842571
6.25 9.158292595204877
6.3500000000000005 9.156233887900632
6.45 9.09693156861773
6.550000000000001 9.017096280351572
6.65 9.073601632665655
6.75 9.08077893774638
6.8500000000000005 9.003358422456092
6.95 8.901497638720183
7.050000000000001 8.965347325731893
7.15 8.85526015445804
7.25 8.74934310471931
7.3500000000000005 8.607641209318045
7.45 8.587583957011478
7.550000000000001 8.47405299101558
7.65 8.407545142689122
7.75 8.366170642926441
7.8500000000000005 8.256324755998712
7.95 8.155179615101682
8.05 8.134312831477295
8.15 8.081161430063373
8.25 8.025099723954233
8.35 7.883798839735852
8.450000000000001 7.907763788455565
8.55 7.889457650000305
8.65 7.788738614317486
8.75 7.788844334780504
8.85 7.808236438536974
8.950000000000001 7.75146063094558
9.05 7.731180397499248
9.15 7.657918053328789
9.25 7.575057894244276
9.35 7.643581522239476
9.450000000000001 7.610094538564569
9.55 7.512659699203036
9.65 7.440126317639383
9.75 7.43736359804273
9.850000000000001 7.427225677830844
9.950000000000001 7.427479530750854
10.05 7.383862674641723
10.15 7.430660504771299
10.25 7.491886848474477
10.350000000000001 7.453331039624254
10.450000000000001 7.577905734937002
10.55 7.5882737229661545
10.65 7.63703964379463
10.75 7.765307283084305
10.850000000000001 7.868082210318892
10.950000000000001 7.9742423912500975
11.05 8.11109797754327
11.15 8.248955419386288
11.25 8.395786541865823
11.350000000000001 8.507077006939602
11.450000000000001 8.596856686269772
11.55 8.601227924271319
11.65 8.591056122511295
11.75 8.525890120845492
11.850000000000001 8.443998633266029
11.950000000000001 8.341653936522114
12.05 8.18239857842461
12.15 7.996912233388682
12.25 7.8108470635725045
12.350000000000001 7.660078871993808
12.450000000000001 7.457577690325023
12.55 7.188655864874969
12.65 6.984691433411837
12.75 6.760976819574012
12.850000000000001 6.554354326146867
12.950000000000001 6.336935804051398
13.05 6.168000708053367
13.15 5.954462767758642
13.25 5.82464899660771
13.350000000000001 5.663847342850301
13.450000000000001 5.518075868024062
13.55 5.388013611095243
13.65 5.20413447075784
13.75 5.05289901044105
13.850000000000001 4.9304764617721215
13.950000000000001 4.800767985921782
14.05 4.708514051793313
14.15 4.596917202971163
14.25 4.495522404861517
14.350000000000001 4.391822626125568
14.450000000000001 4.298875726741058
14.55 4.1963410867380935
14.65 4.096550206847298
14.75 4.00950872827145
14.850000000000001 3.9331379355088085
14.950000000000001 3.8399315743282636
15.05 3.756634212509672
15.15 3.6807597629679485
15.25 3.5873139547649333
15.350000000000001 3.5143041381859352
15.450000000000001 3.4313015719240423
15.55 3.355156770384609
15.65 3.285814594558092
15.75 3.217339858381735
15.850000000000001 3.148193712656117
15.950000000000001 3.077580795596426
16.05 3.033535715791363
16.150000000000002 2.9622947221526434
16.25 2.9171438647243226
16.35 2.868150764339995
16.45 2.8373835581727023
16.55 2.7956971124582966
16.650000000000002 2.7509827685312933
16.75 2.691408427530277
16.85 2.6642122842430833
16.95 2.601240579086493
17.05 2.5789040851993352
17.150000000000002 2.552181839107957
17.25 2.486402810909008
17.35 2.4408315590133167
17.45 2.4069823175557095
17.55 2.3822255955309934
17.650000000000002 2.3479626626885453
17.75 2.3080700801984526
17.85 2.275815267157852
17.95 2.2329223795872832
18.05 2.1983454574632844
18.150000000000002 2.1608338535322678
18.25 2.144330587544522
18.35 2.111002065078571
18.45 2.0847667715639964
18.55 2.0666546009411766
18.650000000000002 2.031339708082832
18.75 2.0020340065485196
18.85 1.986457303205675
18.95 1.9646349556217617
19.05 1.9443741026532328
19.150000000000002 1.9102396918376923
19.25 1.8864518029480695
19.35 1.8682628609731682
19.450000000000003 1.8375189761857216
19.55 1.8143356591766677
19.650000000000002 1.7803393637610514
19.75 1.7658644604229106
19.85 1.7526611070822682
19.950000000000003 1.7327362357875886
20.05 1.7134071446246184
20.150000000000002 1.6791240579747901
20.25 1.6772657642179338
20.35 1.653060902360579
20.450000000000003 1.631325258033297
20.55 1.6022028791863225
20.650000000000002 1.5971421445555318
20.75 1.5705130490641903
20.85 1.5634071101247715
20.950000000000003 1.5348161038937578
21.05 1.5268577452283594
21.150000000000002 1.5281826753560328
21.25 1.4980190052695117
21.35 1.4822554352483301
21.450000000000003 1.4550800216042854
21.55 1.4424642797923826
21.650000000000002 1.4325484850374959
21.75 1.4137684541388371
21.85 1.3937526199183727
21.950000000000003 1.3825484059909035
22.05 1.3723776308345503
22.150000000000002 1.3573338818877294
22.25 1.3454269768004061
22.35 1.3161470005604952
22.450000000000003 1.3186835566961792
22.55 1.309853180500037
22.650000000000002 1.2865316017679735
22.75 1.268610096671862
22.85 1.2627314626459203
22.950000000000003 1.2520831059404887
23.05 1.2437691732175344
23.150000000000002 1.2282501006971391
23.25 1.2124679504856368
23.35 1.2008791218775114
23.450000000000003 1.19247124131779
23.55 1.1816193597265015
23.650000000000002 1.1691606243551338
23.75 1.1618155577079707
23.85 1.153893281840931
23.950000000000003 1.1360226452679612
24.05 1.1298054625647387
24.150000000000002 1.1134075926972309
24.25 1.1078391383469068
24.35 1.098062564221773
24.450000000000003 1.0867051095424494
24.55 1.0809568615088028
24.650000000000002 1.0636609037614857
24.75 1.0586542176144924
24.85 1.06018751332676
24.950000000000003 1.0481468049626697
25.05 1.0338453691071785

