0.05 0.0
0.15000000000000002 0.0
0.25 0.0
0.35000000000000003 0.0
0.45 0.0
0.55 0.0
0.65 0.0
0.75 0.0
0.8500000000000001 0.0
0.9500000000000001 0.0
1.05 0.0
1.1500000000000001 0.0
1.25 0.0
1.35 0.0
1.4500000000000002 0.0
1.55 0.0
1.6500000000000001 0.0
1.75 0.0
1.85 0.0
1.9500000000000002 0.0
2.0500000000000003 0.0
2.15 0.0
2.25 0.0
2.35 0.0
2.45 0.0
2.5500000000000003 0.0
2.6500000000000004 0.0
2.75 0.0
2.85 0.0
2.95 0.0
3.0500000000000003 0.010354924248668362
3.1500000000000004 0.07325350225486918
3.25 0.4111746643216094
3.35 1.234645297578888
3.45 2.415553654890396
3.5500000000000003 4.092774911650724
3.6500000000000004 5.85042491822479
3.75 7.207983943115567
3.85 8.19573165366875
3.95 9.027571783122228
4.05 9.391624075290386
4.15 9.532766884155485
4.25 9.78154993050133
4.3500000000000005 10.009796879914642
4.45 10.226554657800836
4.55 10.45888629211099
4.65 10.86193503216013
4.75 11.229615697177604
4.8500000000000005 11.363077476900838
4.95 11.644098655845037
5.050000000000001 11.740927643883884
5.15 11.673351427949601
5.25 11.583827170488668
5.3500000000000005 11.409310832841665
5.45 11.353497061773755
5.550000000000001 11.204560912228962
5.65 11.038971379534416
5.75 11.094544836339216
5.8500000000000005 10.890190074750848
5.95 10.756291236660887
6.050000000000001 10.658352976050939
6.15 10.4842044041602
6.25 10.35789562581462
6.3500000000000005 10.252458953713514
6.45 10.074158340693899
6.550000000000001 9.96680967032431
6.65 9.728204700427002
6.75 9.699635818714885
6.8500000000000005 9.71103397389323
6.95 9.620147439755916
7.050000000000001 9.494582099399185
7.15 9.469262628613702
7.25 9.294556252997788
7.3500000000000005 9.238250450677583
7.45 9.179628396474703
7.550000000000001 8.989283889745506
7.65 8.988742477629954
7.75 8.930613751203163
7.8500000000000005 8.801625356270844
7.95 8.841921931479485
8.05 8.80550329856642
8.15 8.738992894201306
8.25 8.650344717373086
8.35 8.587671305925163
8.450000000000001 8.543730284910072
8.55 8.431333022443853
8.65 8.329489955978703
8.75 8.401032111882225
8.85 8.27860830212002
8.950000000000001 8.348196626883144
9.05 8.280377051988399
9.15 8.273926627871534
9.25 8.293069707371558
9.35 8.281426591477434
9.450000000000001 8.334928761171126
9.55 8.318305212272255
9.65 8.24077523508756
9.75 8.209173706087569
9.850000000000001 8.253197062734687
9.950000000000001 8.216718803041385
10.05 8.238397287668324
10.15 8.241913002388088
10.25 8.390307047758613
10.350000000000001 8.569789914239378
10.450000000000001 8.683473447857251
10.55 8.84305481261456
10.65 9.074044992112395
10.75 9.374857926630227
10.850000000000001 9.589047336580478
10.950000000000001 9.772961387123855
11.05 9.850497005982428
11.15 9.850606921284804
11.25 9.697285060663164
11.350000000000001 9.48745051690102
11.450000000000001 9.264816352451783
11.55 8.987101498310341
11.65 8.747330659304804
11.75 8.537014432113413
11.850000000000001 8.313081435811393
11.950000000000001 8.1540043106394
12.05 7.893185922702769
12.15 7.678880979702634
12.25 7.456015891336183
12.350000000000001 7.197758049417995
12.450000000000001 6.980103131638054
12.55 6.725908699493315
12.65 6.501994036275138
12.75 6.283709082641098
12.850000000000001 6.073581390501309
12.950000000000001 5.936633586469068
13.05 5.771325405664652
13.15 5.585726268191816
13.25 5.4205659748356165
13.350000000000001 5.263846015080506
13.450000000000001 5.103573012428853
13.55 4.941318479174927
13.65 4.8214926641174785
13.75 4.674873879596505
13.850000000000001 4.54919475068326
13.950000000000001 4.4553806618777445
14.05 4.34448691373344
14.15 4.226051910198309
14.25 4.132999987295858
14.350000000000001 4.0899016993454085
14.450000000000001 4.004911296132883
14.55 3.9017832913779076
14.65 3.8525164832156644
14.75 3.7610581158740537
14.850000000000001 3.699419039062851
14.950000000000001 3.6302265988689317
15.05 3.5425447281859492
15.15 3.491914785387214
15.25 3.4202363951821813
15.350000000000001 3.3443674905983793
15.450000000000001 3.254196620926379
15.55 3.187169554121574
15.65 3.137078333035292
15.75 3.069235990943799
15.850000000000001 3.007650160539988
15.950000000000001 2.960543985743458
16.05 2.9144685454660206
16.150000000000002 2.8501971980214926
16.25 2.8063192605321774
16.35 2.781228519384311
16.45 2.723936525550253
16.55 2.693322985894716
16.650000000000002 2.6483200339419337
16.75 2.615444710312568
16.85 2.576458368991518
16.95 2.5271707814023783
17.05 2.4952641371802953
17.150000000000002 2.4530171571338855
17.25 2.4210438733462523
17.35 2.359706121893303
17.45 2.3462107899052635
17.55 2.300186421158189
17.650000000000002 2.2578997730569434
17.75 2.229791979883471
17.85 2.1893904818162375
17.95 2.167552658663543
18.05 2.1261030245524126
18.150000000000002 2.0914621105549465
18.25 2.0766576027982584
18.35 2.042223564307958
18.45 2.0272228335998204
18.55 1.994707147642611
18.650000000000002 1.9784382698195706
18.75 1.9595165068587346
18.85 1.9327421276902135
18.95 1.9015648463331365
19.05 1.8761238769446527
19.150000000000002 1.8527672950515273
19.25 1.8286707772055735
19.35 1.8094389161227669
19.450000000000003 1.7779877717276205
19.55 1.7685805251687017
19.650000000000002 1.7407660647636016
19.75 1.714259182089505
19.85 1.702025803557436
19.950000000000003 1.6701724021102422
20.05 1.6580473374850646
20.150000000000002 1.635071609229377
20.25 1.6036825667920085
20.35 1.6025706100777781
20.450000000000003 1.5745641180410068
20.55 1.5654531703981582
20.650000000000002 1.548180577314962
20.75 1.5404567959687792
20.85 1.505223225653485
20.950000000000003 1.5086676845202889
21.05 1.4910166610802096
21.150000000000002 1.4645547433840342
21.25 1.4545766359939534
21.35 1.4366156548500069
21.450000000000003 1.4168361494919834
21.55 1.4063882737122473
21.650000000000002 1.4014930421593805
21.75 1.3725889426000835
21.85 1.3665344332835105
21.950000000000003 1.3404579610027951
22.05 1.333910213037402
22.150000000000002 1.3184725242664734
22.25 1.3011651302971015
22.35 1.29301352349866
22.450000000000003 1.2873597372395897
22.55 1.262048801224208
22.650000000000002 1.2565057971255773
22.75 1.2449510058417865
22.85 1.2373370031812247
22.950000000000003 1.2181037787092373
23.05 1.2163862850680114
23.150000000000002 1.2009988884650264
23.25 1.1789544328249881
23.35 1.1784774153865887
23.450000000000003 1.161983084623011
23.55 1.1591206635467644
23.650000000000002 1.1457532851682255
23.75 1.1374135232105091
23.85 1.1253423507088545
23.950000000000003 1.1102794827738136
24.05 1.110504291458332
24.150000000000002 1.0947893120309438
24.25 1.0821603400212811
24.35 1.0702305139652482
24.450000000000003 1.06627794980361
24.55 1.0579901033417913
24.650000000000002 1.0475568178412478
24.75 1.0468410437681777
24.85 1.0336129427389038
24.950000000000003 1.0270149069102648
25.05 1.0128872623486427

