0.05 0.0
0.15000000000000002 0.0
0.25 0.0
0.35000000000000003 0.0
0.45 0.0
0.55 0.0
0.65 0.0
0.75 0.0
0.8500000000000001 0.0
0.9500000000000001 0.0
1.05 0.0
1.1500000000000001 0.0
1.25 0.0
1.35 0.0
1.4500000000000002 0.0
1.55 0.0
1.6500000000000001 0.0
1.75 0.0
1.85 0.0
1.9500000000000002 0.0
2.0500000000000003 0.0
2.15 0.0
2.25 0.0
2.35 0.0
2.45 0.0
2.5500000000000003 0.0
2.6500000000000004 0.0
2.75 0.0
2.85 0.0
2.95 0.0009381054901676518
3.0500000000000003 0.0013142312783251987
3.1500000000000004 0.002877447735241665
3.25 0.02162404863162699
3.35 0.07487302073075246
3.45 0.19777197023967577
3.5500000000000003 0.4001312952133204
3.6500000000000004 0.6216375388614158
3.75 0.8917873032267991
3.85 1.1592750674553045
3.95 1.2945574285268933
4.05 1.4652908309058243
4.15 1.5982922662552215
4.25 1.6856917249367067
4.3500000000000005 1.7854598221949842
4.45 1.9674969801327453
4.55 2.01311682453116
4.65 2.1417529571706133
4.75 2.243084302897684
4.8500000000000005 2.3528350023948734
4.95 2.458864282757777
5.050000000000001 2.5141236886379654
5.15 2.5488909505558217
5.25 2.56718104804344
5.3500000000000005 2.5777817713874716
5.45 2.648133308901604
5.550000000000001 2.725089770332539
5.65 2.754942013743944
5.75 2.82702611220211
5.8500000000000005 2.924060493122615
5.95 2.9381914364899697
6.050000000000001 3.0154683027894347
6.15 3.0435909103884002
6.25 3.0904065845524906
6.3500000000000005 3.1095625279969656
6.45 3.1196857397432627
6.550000000000001 3.162961579817316
6.65 3.184915397015099
6.75 3.1658579878507735
6.8500000000000005 3.1811240433731807
6.95 3.1722629424645223
7.050000000000001 3.1482338926301217
7.15 3.1158525512361943
7.25 3.1405845767914684
7.3500000000000005 3.132960665338588
7.45 3.1165303254879566
7.550000000000001 3.106755138229335
7.65 3.092652007004584
7.75 3.10970846529996
7.8500000000000005 3.083810233402788
7.95 3.129193593412494
8.05 3.095881705956532
8.15 3.117123933932801
8.25 3.0738282507944734
8.35 3.1080913415899243
8.450000000000001 3.0869723978823065
8.55 3.0662894599702275
8.65 3.053931774130094
8.75 3.022641838992416
8.85 2.975630267084456
8.950000000000001 2.9569519833843776
9.05 2.9548294484223967
9.15 2.925475234495434
9.25 2.9126754129968453
9.35 2.9044020995545323
9.450000000000001 2.893358748320623
9.55 2.8952979098764438
9.65 2.8977335979251566
9.75 2.8896557456907415
9.850000000000001 2.9042966951093834
9.950000000000001 2.8723005839702735
10.05 2.871662733853405
10.15 2.8807502850672573
10.25 2.8985584937487503
10.350000000000001 2.920531044601033
10.450000000000001 2.9368292640177684
10.55 2.9432650100179445
10.65 2.9902593335198224
10.75 3.004569187875118
10.850000000000001 3.022251173525152
10.950000000000001 3.0599696627912105
11.05 3.1020572105860564
11.15 3.1068363089038185
11.25 3.1200496462263665
11.350000000000001 3.100722934805072
11.450000000000001 3.101924530064587
11.55 3.0602469407110786
11.65 3.0477711934455085
11.75 3.008343166466268
11.850000000000001 2.98799562273665
11.950000000000001 2.953118301352395
12.05 2.9169616522519153
12.15 2.8866069648762296
12.25 2.852940627536227
12.350000000000001 2.8025241555758593
12.450000000000001 2.791406839801018
12.55 2.7428830885989313
12.65 2.708353877074764
12.75 2.670078872829912
12.850000000000001 2.640839493001603
12.950000000000001 2.596579945030369
13.05 2.5603165670316823
13.15 2.488716989098211
13.25 2.4525644849773944
13.350000000000001 2.3967592052869606
13.450000000000001 2.3293323480948143
13.55 2.2893607828027642
13.65 2.2485701790747026
13.75 2.201450544469681
13.850000000000001 2.159385062522007
13.950000000000001 2.1261394756428373
14.05 2.0784386073999515
14.15 2.0481218480828223
14.25 2.0106007399982655
14.350000000000001 1.9511761129915588
14.450000000000001 1.937753263947823
14.55 1.8850379421748975
14.65 1.8405879857841885
14.75 1.8030392445652113
14.850000000000001 1.7569311577252267
14.950000000000001 1.7183377905670436
15.05 1.6634495360937342
15.15 1.6254195969665999
15.25 1.5838824871612245
15.350000000000001 1.5434649871098878
15.450000000000001 1.5065537354363556
15.55 1.4834904775519373
15.65 1.4433607971067455
15.75 1.4145157113939038
15.850000000000001 1.3918812137223975
15.950000000000001 1.3526730211746716
16.05 1.3353485696374023
16.150000000000002 1.3125353601288037
16.25 1.280598492529725
16.35 1.2626273574921438
16.45 1.2426237142819692
16.55 1.2198734468696562
16.650000000000002 1.2015584871741571
16.75 1.174554425810983
16.85 1.158938434453637
16.95 1.1245960747690618
17.05 1.1018559418919498
17.150000000000002 1.079447118417871
17.25 1.0606029977737164
17.35 1.0450046179553525
17.45 1.0242785697888683
17.55 1.003810406279072
17.650000000000002 0.9892160721293196
17.75 0.9812992162818358
17.85 0.9622752266148347
17.95 0.9528068387022182
18.05 0.9380737030621296
18.150000000000002 0.9223221933378289
18.25 0.9157283076117538
18.35 0.9019115370511687
18.45 0.8945747081522277
18.55 0.879473251234569
18.650000000000002 0.866422495295645
18.75 0.8579140250598136
18.85 0.8469353734581553
18.95 0.8348299583456554
19.05 0.8286881227619054
19.150000000000002 0.8151191935265562
19.25 0.8042734704625943
19.35 0.7922540021921073
19.450000000000003 0.7797214935142152
19.55 0.7697933104026583
19.650000000000002 0.7618522420459102
19.75 0.7581226152181098
19.85 0.74299568860986
19.950000000000003 0.737956767510184
20.05 0.7354904554808256
20.150000000000002 0.7272791625549667
20.25 0.7225086089885976
20.35 0.7180056960019695
20.450000000000003 0.7114710099572429
20.55 0.701562859002419
20.650000000000002 0.6975522368308941
20.75 0.6904748559561569
20.85 0.6863106970607248
20.950000000000003 0.6806873605065134
21.05 0.6747349884630948
21.150000000000002 0.6680583319204427
21.25 0.6647080697964625
21.35 0.6559924176325349
21.450000000000003 0.650929755815055
21.55 0.645876846333203
21.650000000000002 0.6427423279308945
21.75 0.6350625786500474
21.85 0.6361607342120301
21.950000000000003 0.6289644142671255
22.05 0.6237401283810593
22.150000000000002 0.6222655458260276
22.25 0.6194277140094732
22.35 0.6207072923910764
22.450000000000003 0.6149442592714697
22.55 0.6094526351554033
22.650000000000002 0.6099215848890481
22.75 0.6073006813105876
22.85 0.605590577851473
22.950000000000003 0.6036910897136443
23.05 0.5960424131593258
23.150000000000002 0.5948419575975732
23.25 0.5944599004082306
23.35 0.593461572275572
23.450000000000003 0.5862459072002313
23.55 0.5868252140195246
23.650000000000002 0.5827784821562164
23.75 0.5809838040487088
23.85 0.5830510563780673
23.950000000000003 0.580275237318311
24.05 0.5792711854721903
24.150000000000002 0.5782309377629428
24.25 0.578170889673033
24.35 0.5778633067773646
24.450000000000003 0.5726978452443092
24.55 0.5730023424531817
24.650000000000002 0.5708021480877319
24.75 0.5692406021511369
24.85 0.5693033381043684
24.950000000000003 0.5701206377762025
25.05 0.570122829880722

