0.05 0.0
0.15000000000000002 0.0
0.25 0.0
0.35000000000000003 0.0
0.45 0.0
0.55 0.0
0.65 0.0
0.75 0.0
0.8500000000000001 0.0
0.9500000000000001 0.0
1.05 0.0
1.1500000000000001 0.0
1.25 0.0
1.35 0.0
1.4500000000000002 0.0
1.55 0.0
1.6500000000000001 0.0
1.75 0.0
1.85 0.0
1.9500000000000002 0.0
2.0500000000000003 0.0
2.15 0.0
2.25 0.0
2.35 0.0
2.45 0.0
2.5500000000000003 0.0
2.6500000000000004 0.0
2.75 0.0
2.85 0.0
2.95 0.0
3.0500000000000003 0.0008780321382533051
3.1500000000000004 0.0057520713292998635
3.25 0.04209456039028891
3.35 0.14941249831203296
3.45 0.4226491610994655
3.5500000000000003 0.9798359578318577
3.6500000000000004 1.803059770642059
3.75 2.673508530527189
3.85 3.4538374007755914
3.95 3.918308758573807
4.05 4.219439854275219
4.15 4.278259827683092
4.25 4.37337792059184
4.3500000000000005 4.5343252811433405
4.45 4.611541020103861
4.55 4.699359518918258
4.65 4.862223691263249
4.75 4.903435508288413
4.8500000000000005 5.053979034507692
4.95 5.110423680174171
5.050000000000001 5.047254095422081
5.15 5.001614021793934
5.25 4.98431363677065
5.3500000000000005 4.84610202991257
5.45 4.727052912159832
5.550000000000001 4.677571787002045
5.65 4.569368801591301
5.75 4.521361036931379
5.8500000000000005 4.517873340683765
5.95 4.473787554924977
6.050000000000001 4.432387557648103
6.15 4.388029614980366
6.25 4.34495704703918
6.3500000000000005 4.288264444159368
6.45 4.232557182639146
6.550000000000001 4.151003835458465
6.65 4.140125563263169
6.75 4.093486110237096
6.8500000000000005 4.091086440166077
6.95 3.9906855538910984
7.050000000000001 3.9990611634934745
7.15 3.947983679817267
7.25 3.931249456731484
7.3500000000000005 3.822451842755982
7.45 3.739246564538818
7.550000000000001 3.6732843535571313
7.65 3.617408017212934
7.75 3.5993704473026473
7.8500000000000005 3.6066864963571663
7.95 3.6073852254031777
8.05 3.6215835489287294
8.15 3.642574451205464
8.25 3.6355578494486047
8.35 3.6503535510140037
8.450000000000001 3.636748793727241
8.55 3.586892459873381
8.65 3.5659726725419154
8.75 3.5101609360001955
8.85 3.467227574155159
8.950000000000001 3.429233444452166
9.05 3.449918079335937
9.15 3.4547489150613124
9.25 3.4643084122020023
9.35 3.4625542757736625
9.450000000000001 3.4681095012334553
9.55 3.4565884629533663
9.65 3.44449191769996
9.75 3.4271202831557948
9.850000000000001 3.412936560944901
9.950000000000001 3.403359418108993
10.05 3.4171309497446902
10.15 3.423865083151385
10.25 3.4709732814241074
10.350000000000001 3.5323079047449863
10.450000000000001 3.6245881439277214
10.55 3.710819678718784
10.65 3.8079403287003837
10.75 3.886356956741164
10.850000000000001 4.002443313528488
10.950000000000001 4.131164378805167
11.05 4.226779590109625
11.15 4.278148178018774
11.25 4.275438978461181
11.350000000000001 4.231495972620467
11.450000000000001 4.078407137072678
11.55 3.974418925984782
11.65 3.8333916143102473
11.75 3.717839574121406
11.850000000000001 3.5981339407438067
11.950000000000001 3.465508384479787
12.05 3.3425867824852276
12.15 3.222500634082163
12.25 3.0795202099779826
12.350000000000001 2.9662993510652327
12.450000000000001 2.8591557154067533
12.55 2.783222924463496
12.65 2.706006597759149
12.75 2.6695561673445547
12.850000000000001 2.5865944204628506
12.950000000000001 2.530574071836032
13.05 2.474071281076876
13.15 2.397878994810108
13.25 2.332989773820496
13.350000000000001 2.257055893527671
13.450000000000001 2.1841198070080723
13.55 2.1033785295289316
13.65 2.029471882182284
13.75 1.9418132899427838
13.850000000000001 1.886867143822062
13.950000000000001 1.847898143041333
14.05 1.8147909548299588
14.15 1.7849561106875047
14.25 1.761463760947067
14.350000000000001 1.7363680802930868
14.450000000000001 1.7127716246239608
14.55 1.704701398923113
14.65 1.6866769678853586
14.75 1.6661583915260751
14.850000000000001 1.6422726827940959
14.950000000000001 1.6106485934832764
15.05 1.5872588834973613
15.15 1.5519678498327654
15.25 1.5125211054251233
15.350000000000001 1.475914641538844
15.450000000000001 1.426818936978325
15.55 1.391842752932072
15.65 1.3556427316687387
15.75 1.3257710945353356
15.850000000000001 1.295271113599728
15.950000000000001 1.285141038688484
16.05 1.2666516023735654
16.150000000000002 1.2517139127965202
16.25 1.2411095339283635
16.35 1.2389595670269404
16.45 1.214891450814439
16.55 1.2109232146338496
16.650000000000002 1.19408197104377
16.75 1.1837964543613881
16.85 1.170369477589754
16.95 1.1531110169231944
17.05 1.1271613348345502
17.150000000000002 1.107005298738581
17.25 1.08628243129467
17.35 1.0610352254148823
17.45 1.0508474877770833
17.55 1.035414363480588
17.650000000000002 1.0173743541994769
17.75 0.9985636754120032
17.85 0.9762156501089762
17.95 0.9677648151575726
18.05 0.9466618983024999
18.150000000000002 0.9304001524576823
18.25 0.9291497140764816
18.35 0.916412644844281
18.45 0.9110563447352729
18.55 0.9000880372385188
18.650000000000002 0.8978432569156233
18.75 0.8920735804656731
18.85 0.875127932697252
18.95 0.8677309246159326
19.05 0.8518204757549032
19.150000000000002 0.8403777344913554
19.25 0.8268188129913567
19.35 0.8133904268595668
19.450000000000003 0.7967099008011193
19.55 0.7923060482260151
19.650000000000002 0.7813474904756995
19.75 0.7672562530189878
19.85 0.759996218911985
19.950000000000003 0.7474257366423747
20.05 0.7404317839284174
20.150000000000002 0.7271024272966208
20.25 0.7227822456066598
20.35 0.7093020228030544
20.450000000000003 0.7041209021815503
20.55 0.6948049918186245
20.650000000000002 0.6891477884565963
20.75 0.6839182857697229
20.85 0.6743831635911633
20.950000000000003 0.6710118658444887
21.05 0.6662513461113431
21.150000000000002 0.6580700370586873
21.25 0.6418075292107355
21.35 0.6420942432168353
21.450000000000003 0.6282308270140854
21.55 0.6248308494133835
21.650000000000002 0.6193903894931764
21.75 0.6028400571651755
21.85 0.5971809451466118
21.950000000000003 0.595886603119829
22.05 0.5829612410197118
22.150000000000002 0.5764103488089917
22.25 0.5717982312080556
22.35 0.5696385849281108
22.450000000000003 0.5618244323798048
22.55 0.5545331616754933
22.650000000000002 0.550713816994344
22.75 0.5465665134038178
22.85 0.5420320268212503
22.950000000000003 0.5351378889674091
23.05 0.5283388525027389
23.150000000000002 0.5228930201153609
23.25 0.5197136259401436
23.35 0.5157944417702107
23.450000000000003 0.5084278470427994
23.55 0.5060502542925804
23.650000000000002 0.5035629265261287
23.75 0.4992937513244685
23.85 0.48894792622597605
23.950000000000003 0.4902428641388557
24.05 0.4840649978061748
24.150000000000002 0.47582220312510426
24.25 0.47130633273238626
24.35 0.46769201423754103
24.450000000000003 0.4604485689021252
24.55 0.46096833679993204
24.650000000000002 0.4597559101131473
24.75 0.45560994064669397
24.85 0.4557936638363011
24.950000000000003 0.4510400690109208
25.05 0.4490638333318187

