0.05 0.0
0.15000000000000002 0.0
0.25 0.0
0.35000000000000003 0.0
0.45 0.0
0.55 0.0
0.65 0.0
0.75 0.0
0.8500000000000001 0.0
0.9500000000000001 0.0
1.05 0.0
1.1500000000000001 0.0
1.25 0.0
1.35 0.0
1.4500000000000002 0.0
1.55 0.0
1.6500000000000001 0.0
1.75 0.0
1.85 0.0
1.9500000000000002 0.0
2.0500000000000003 0.0
2.15 0.0
2.25 0.0
2.35 0.0
2.45 0.0
2.5500000000000003 0.0
2.6500000000000004 0.0
2.75 0.0
2.85 0.0
2.95 0.0
3.0500000000000003 0.0008769387602318606
3.1500000000000004 0.009452001118203764
3.25 0.0432520534234498
3.35 0.16793365124305976
3.45 0.4911684323599712
3.5500000000000003 0.944597824982902
3.6500000000000004 1.641312720885027
3.75 2.133176105256155
3.85 2.5443124302492217
3.95 2.847225113357114
4.05 2.989557661094037
4.15 3.1143774421229806
4.25 3.0446150448551594
4.3500000000000005 3.206526644582191
4.45 3.2334731760236544
4.55 3.3423677453660425
4.65 3.4715483869936627
4.75 3.574082279750854
4.8500000000000005 3.657240420327869
4.95 3.751888679082181
5.050000000000001 3.7300058108178624
5.15 3.7805315161781676
5.25 3.762290700374081
5.3500000000000005 3.7794679553300816
5.45 3.746027388741669
5.550000000000001 3.745644936408453
5.65 3.756833868778799
5.75 3.7578229650692534
5.8500000000000005 3.7528334767041427
5.95 3.7693457071414036
6.050000000000001 3.80293656772894
6.15 3.810231840109917
6.25 3.763575128265735
6.3500000000000005 3.7311066550653305
6.45 3.7410673324889867
6.550000000000001 3.7270268517418472
6.65 3.694410006111726
6.75 3.7004243055085144
6.8500000000000005 3.7037640341981275
6.95 3.703514765520714
7.050000000000001 3.6610742606589497
7.15 3.6271204130312067
7.25 3.6340823401024576
7.3500000000000005 3.547970683080932
7.45 3.506822082593644
7.550000000000001 3.4642784624830507
7.65 3.4204476196777884
7.75 3.416341549414106
7.8500000000000005 3.3885763850382093
7.95 3.3820515780396567
8.05 3.3957856086563187
8.15 3.386070744372292
8.25 3.402963420830347
8.35 3.418373972545608
8.450000000000001 3.3696911576412596
8.55 3.357336809508459
8.65 3.289848200003252
8.75 3.269388237090483
8.85 3.263485880685445
8.950000000000001 3.249057653597067
9.05 3.2318500660825014
9.15 3.2083277839747115
9.25 3.2350874060984953
9.35 3.2352910422229164
9.450000000000001 3.2344651736176915
9.55 3.2276303077321002
9.65 3.1945143791305495
9.75 3.1719532891706725
9.850000000000001 3.157851920030928
9.950000000000001 3.1456270978323975
10.05 3.1509636831969114
10.15 3.1739389755474705
10.25 3.212084004785252
10.350000000000001 3.2316795683545716
10.450000000000001 3.2927724069638096
10.55 3.350612684693975
10.65 3.4299268399756944
10.75 3.5120630188734383
10.850000000000001 3.6003712834949755
10.950000000000001 3.639739888281406
11.05 3.7191752269252194
11.15 3.7336749206532516
11.25 3.6874593565225644
11.350000000000001 3.646678897317051
11.450000000000001 3.5500133103468268
11.55 3.47733804163259
11.65 3.397653895229742
11.75 3.3351609192012135
11.850000000000001 3.20805039127911
11.950000000000001 3.164002798989078
12.05 3.0530132183177687
12.15 2.987712160168078
12.25 2.9100453962107666
12.350000000000001 2.855835196242698
12.450000000000001 2.7985711497028656
12.55 2.7260327243633786
12.65 2.6933331640055154
12.75 2.6416217743124912
12.850000000000001 2.6178558264629985
12.950000000000001 2.5595095059634003
13.05 2.514144687080594
13.15 2.458506436005453
13.25 2.3997557202176227
13.350000000000001 2.3168274908124027
13.450000000000001 2.2521451198953333
13.55 2.1880187206723583
13.65 2.1205465486925816
13.75 2.0556121637561553
13.850000000000001 1.9928389244838132
13.950000000000001 1.9505961960407052
14.05 1.889589969785125
14.15 1.8636589145187514
14.25 1.8267840113142797
14.350000000000001 1.790243408320639
14.450000000000001 1.7684634672915858
14.55 1.7314450034971203
14.65 1.7084592162964634
14.75 1.675499556124539
14.850000000000001 1.6214060153700023
14.950000000000001 1.6055026331255573
15.05 1.566308225837456
15.15 1.528735577147749
15.25 1.4898040655670297
15.350000000000001 1.4590249473835075
15.450000000000001 1.410558127575509
15.55 1.3724337573063288
15.65 1.3360142562653932
15.75 1.3094254388506807
15.850000000000001 1.275185475098558
15.950000000000001 1.2547413204147995
16.05 1.2265607555018034
16.150000000000002 1.2041519914207788
16.25 1.1939113798747056
16.35 1.1841140113294493
16.45 1.163963872292694
16.55 1.1436716941209153
16.650000000000002 1.134284052271606
16.75 1.1051944344032907
16.85 1.0892826222105236
16.95 1.0726056004276303
17.05 1.061070034472603
17.150000000000002 1.033806491559165
17.25 1.0210437611081433
17.35 0.9941347734585204
17.45 0.9857350070865448
17.55 0.9582352728561417
17.650000000000002 0.9525999902852362
17.75 0.9296683824166574
17.85 0.9176747161610398
17.95 0.905000165004548
18.05 0.8923562971150623
18.150000000000002 0.8763729200487822
18.25 0.8628020702192407
18.35 0.8540412518182786
18.45 0.8427713920204435
18.55 0.8383050569246435
18.650000000000002 0.8300111096352637
18.75 0.8236632738895394
18.85 0.8124063402788735
18.95 0.8064581079203255
19.05 0.7976904543830591
19.150000000000002 0.7879427864970336
19.25 0.7693410113681842
19.35 0.7605206982070016
19.450000000000003 0.7536372159015079
19.55 0.73995657383447
19.650000000000002 0.7287165795014993
19.75 0.7235734502677057
19.85 0.7167683440285856
19.950000000000003 0.7123520728227041
20.05 0.7058193298305367
20.150000000000002 0.6991447222499677
20.25 0.6845640319362455
20.35 0.6805015324767708
20.450000000000003 0.6765262789474018
20.55 0.6668220901958735
20.650000000000002 0.661503406231852
20.75 0.658662728316542
20.85 0.6558191629280133
20.950000000000003 0.6524599462785698
21.05 0.6490844593144441
21.150000000000002 0.6355823345636348
21.25 0.6332283379246467
21.35 0.6313839726406147
21.450000000000003 0.6251232077089708
21.55 0.6178489037546308
21.650000000000002 0.6139831045560034
21.75 0.6052960967824133
21.85 0.6073925362849505
21.950000000000003 0.5958151605024804
22.05 0.5945922291153877
22.150000000000002 0.5865379797874444
22.25 0.5870735172643622
22.35 0.5826970483904164
22.450000000000003 0.5825638919931789
22.55 0.5788468809370404
22.650000000000002 0.5734852693437026
22.75 0.5716905877904793
22.85 0.5720420395018354
22.950000000000003 0.5644130551319552
23.05 0.5637751515745967
23.150000000000002 0.5641904452667595
23.25 0.5619247367967392
23.35 0.5503802024903663
23.450000000000003 0.5528968229616531
23.55 0.5524804875998365
23.650000000000002 0.5522617884592963
23.75 0.5511357939552076
23.85 0.551981634322141
23.950000000000003 0.5420141820948433
24.05 0.5459754868888308
24.150000000000002 0.544602139279316
24.25 0.5399023057054296
24.35 0.5389451259895252
24.450000000000003 0.5342184961444368
24.55 0.5328251281274722
24.650000000000002 0.5348390472705952
24.75 0.5335685090862115
24.85 0.5358139764690483
24.950000000000003 0.5362667554309665
25.05 0.5362241373133705

