0.05 0.0
0.15000000000000002 0.0
0.25 0.0
0.35000000000000003 0.0
0.45 0.0
0.55 0.0
0.65 0.0
0.75 0.0
0.8500000000000001 0.0
0.9500000000000001 0.0
1.05 0.0
1.1500000000000001 0.0
1.25 0.0
1.35 0.0
1.4500000000000002 0.0
1.55 0.0
1.6500000000000001 0.0
1.75 0.0
1.85 0.0
1.9500000000000002 0.0
2.0500000000000003 0.0
2.15 0.0
2.25 0.0
2.35 0.0
2.45 0.0
2.5500000000000003 0.0
2.6500000000000004 0.0
2.75 0.0
2.85 0.0
2.95 0.0
3.0500000000000003 0.0
3.1500000000000004 0.008224810730111741
3.25 0.05097972165874898
3.35 0.17883012231991022
3.45 0.4571445598509411
3.5500000000000003 0.968571566762862
3.6500000000000004 1.6168567895716224
3.75 2.2640218784839417
3.85 2.7918684322660687
3.95 3.20501931493507
4.05 3.4528491573863267
4.15 3.63663384774347
4.25 3.904944084304907
4.3500000000000005 4.058714919637164
4.45 4.303639672165321
4.55 4.488298724834297
4.65 4.711103281664562
4.75 4.778471922113109
4.8500000000000005 4.955751242526876
4.95 4.958751327265992
5.050000000000001 4.921971871402043
5.15 4.84579725268491
5.25 4.755614759998256
5.3500000000000005 4.635077533979952
5.45 4.536624942431744
5.550000000000001 4.4889364959507825
5.65 4.431817615319093
5.75 4.419048088486926
5.8500000000000005 4.439658568762389
5.95 4.380153421863775
6.050000000000001 4.39132429054048
6.15 4.336041178318091
6.25 4.257696268300788
6.3500000000000005 4.239530736218204
6.45 4.243664664120053
6.550000000000001 4.144973689397752
6.65 4.138168135897087
6.75 4.081973569374963
6.8500000000000005 4.038586191329063
6.95 3.9647686459963998
7.050000000000001 3.8957842607353683
7.15 3.8277486151670734
7.25 3.768062512326654
7.3500000000000005 3.7263736468861293
7.45 3.6702888164775542
7.550000000000001 3.6598433442581553
7.65 3.5938254240175485
7.75 3.5791553319192246
7.8500000000000005 3.584475651562581
7.95 3.5783558735734338
8.05 3.600959091880852
8.15 3.61817706262668
8.25 3.601328244995106
8.35 3.6287612787541392
8.450000000000001 3.597971599355598
8.55 3.556298477244763
8.65 3.5172112415808634
8.75 3.5071174273888226
8.85 3.430997606708646
8.950000000000001 3.4016336687299837
9.05 3.3702285784060386
9.15 3.361491159044121
9.25 3.370168842059971
9.35 3.368298750447979
9.450000000000001 3.362193512831525
9.55 3.381212804646219
9.65 3.3813096408892176
9.75 3.3661265153441127
9.850000000000001 3.380839204160168
9.950000000000001 3.3780006314651847
10.05 3.4047210288509495
10.15 3.411335468311513
10.25 3.460221300181567
10.350000000000001 3.5119044114663356
10.450000000000001 3.5574634674582546
10.55 3.6475440947106113
10.65 3.711870736732355
10.75 3.7974366570876206
10.850000000000001 3.868868139744784
10.950000000000001 3.9494153813432424
11.05 4.050837549078777
11.15 4.055157561755901
11.25 4.071143302986319
11.350000000000001 4.017463609522331
11.450000000000001 3.958820919043025
11.55 3.8949062478501943
11.65 3.8316694590114455
11.75 3.7239960866449597
11.850000000000001 3.66447268344494
11.950000000000001 3.5546781178214184
12.05 3.4443938542420223
12.15 3.326998082442462
12.25 3.1894588024829265
12.350000000000001 3.0705001702106847
12.450000000000001 2.961831468173872
12.55 2.8500756054494762
12.65 2.776128790027347
12.75 2.7069370473113694
12.850000000000001 2.6186285686441098
12.950000000000001 2.559725614618173
13.05 2.487185702918156
13.15 2.387679606652038
13.25 2.3202276093160727
13.350000000000001 2.253658531432924
13.450000000000001 2.169761233311297
13.55 2.1004108556612406
13.65 2.026141678808153
13.75 1.9855490452111122
13.850000000000001 1.938690833895065
13.950000000000001 1.9076033790476659
14.05 1.8809786819468237
14.15 1.8542189467690011
14.25 1.8283256186513666
14.350000000000001 1.8125366765692275
14.450000000000001 1.7658865391452818
14.55 1.7365302459341685
14.65 1.7175123462551716
14.75 1.6820129287663752
14.850000000000001 1.6487465564781874
14.950000000000001 1.610376886998807
15.05 1.5666862373592576
15.15 1.5281544570785555
15.25 1.4835205072480753
15.350000000000001 1.4468328000788406
15.450000000000001 1.418631631117028
15.55 1.387605336765276
15.65 1.3702688355349462
15.75 1.3424928209865816
15.850000000000001 1.3287248560842406
15.950000000000001 1.311336894269631
16.05 1.297073236064493
16.150000000000002 1.2893203000825975
16.25 1.2795334896834374
16.35 1.2651565035625123
16.45 1.2442831190363186
16.55 1.2294748236131088
16.650000000000002 1.21118820088312
16.75 1.1923368670643368
16.85 1.166628411285912
16.95 1.1447401992594455
17.05 1.119713663057121
17.150000000000002 1.0909469510381553
17.25 1.0787683340404577
17.35 1.0586615291726766
17.45 1.0360983438472595
17.55 1.0255167901433833
17.650000000000002 1.0151273017602513
17.75 1.0016183795648388
17.85 0.9900483346966845
17.95 0.9807169634754198
18.05 0.9713962878049343
18.150000000000002 0.9613715564386
18.25 0.9484961266102037
18.35 0.9374254974079049
18.45 0.9299880363072347
18.55 0.9144087435036744
18.650000000000002 0.9076298636448026
18.75 0.8976383165094202
18.85 0.8802869719586874
18.95 0.8712627320501026
19.05 0.8551188672783935
19.150000000000002 0.843961601487902
19.25 0.8302663952840005
19.35 0.8128859315600269
19.450000000000003 0.80192157664812
19.55 0.7881348740565768
19.650000000000002 0.7832286205366774
19.75 0.771264201778606
19.85 0.7659654175691828
19.950000000000003 0.7642777791700419
20.05 0.7484762910734075
20.150000000000002 0.7517063151139113
20.25 0.7354026598822235
20.35 0.7336072068793116
20.450000000000003 0.7182050862385598
20.55 0.715392780910751
20.650000000000002 0.7001963026770703
20.75 0.6981803028933034
20.85 0.6866366308205224
20.950000000000003 0.6832138035386573
21.05 0.6720532738877429
21.150000000000002 0.6658356656375461
21.25 0.6596309740106147
21.35 0.6487508153658983
21.450000000000003 0.6385661543400398
21.55 0.6332111619617667
21.650000000000002 0.6252386715914225
21.75 0.6161861187638419
21.85 0.606587756205803
21.950000000000003 0.6026228396619497
22.05 0.6010398289607213
22.150000000000002 0.5952316991805239
22.25 0.5898892104406599
22.35 0.583873516528367
22.450000000000003 0.5784360617952802
22.55 0.5715504810389449
22.650000000000002 0.5675973056482496
22.75 0.5657697484818179
22.85 0.5517987752512111
22.950000000000003 0.5511568429356185
23.05 0.5413850564299089
23.150000000000002 0.5387083277330685
23.25 0.5348402554476931
23.35 0.5260444338770763
23.450000000000003 0.5233845710769268
23.55 0.5202770396829585
23.650000000000002 0.5110561027622343
23.75 0.5088593229482332
23.85 0.5050802785604951
23.950000000000003 0.4989280504890953
24.05 0.49473691138840503
24.150000000000002 0.4905563650061473
24.25 0.48776873034083934
24.35 0.48215474847539536
24.450000000000003 0.47829898781588204
24.55 0.4750381182278663
24.650000000000002 0.46942931187052334
24.75 0.4688895173665935
24.85 0.4654712477690091
24.950000000000003 0.4631947790929957
25.05 0.45938143319712876

