0.05 0.0
0.15000000000000002 0.0
0.25 0.0
0.35000000000000003 0.0
0.45 0.0
0.55 0.0
0.65 0.0
0.75 0.0
0.8500000000000001 0.0
0.9500000000000001 0.0
1.05 0.0
1.1500000000000001 0.0
1.25 0.0
1.35 0.0
1.4500000000000002 0.0
1.55 0.0
1.6500000000000001 0.0
1.75 0.0
1.85 0.0
1.9500000000000002 0.0
2.0500000000000003 0.0
2.15 0.0
2.25 0.0
2.35 0.0
2.45 0.0
2.5500000000000003 0.0
2.6500000000000004 0.0
2.75 0.0
2.85 0.0
2.95 0.0010002798573311817
3.0500000000000003 0.0018804881749405421
3.1500000000000004 0.02557788462755959
3.25 0.14340983127937812
3.35 0.5008849874242239
3.45 1.1780149745399613
3.5500000000000003 2.1861958415217733
3.6500000000000004 3.640846397182174
3.75 4.939843158549449
3.85 5.9509981586785345
3.95 6.793885132227879
4.05 7.310962843166884
4.15 7.970285355401965
4.25 8.443556279398877
4.3500000000000005 9.020533786013358
4.45 9.769580910387656
4.55 10.335870089593
4.65 10.58950000485572
4.75 11.051988109263737
4.8500000000000005 11.276400575205846
4.95 11.448356370737148
5.050000000000001 11.38539144051662
5.15 11.187720810394698
5.25 11.16831323297829
5.3500000000000005 11.004915911080134
5.45 10.676459140756087
5.550000000000001 10.680841585523613
5.65 10.54724831640076
5.75 10.390960307408212
5.8500000000000005 10.341566891814363
5.95 10.371016740333467
6.050000000000001 10.301153597797063
6.15 10.056968910593149
6.25 10.144292143207645
6.3500000000000005 9.974153715594763
6.45 9.96603314180489
6.550000000000001 9.818312445917257
6.65 9.708195960014505
6.75 9.602624288182783
6.8500000000000005 9.427297131646831
6.95 9.33703756621667
7.050000000000001 9.238012966329057
7.15 9.127251119735032
7.25 8.976314997084566
7.3500000000000005 8.90379093936974
7.45 8.892962386314519
7.550000000000001 8.74903763694943
7.65 8.701105077082532
7.75 8.711989800391263
7.8500000000000005 8.624293009080509
7.95 8.682376010306575
8.05 8.61750443555303
8.15 8.60573569467813
8.25 8.684001375621719
8.35 8.576852497813793
8.450000000000001 8.445669838623157
8.55 8.446828773152726
8.65 8.373755607806716
8.75 8.248552628060866
8.85 8.249519417199597
8.950000000000001 8.17352775893429
9.05 8.127661191973964
9.15 8.111668095118809
9.25 8.04879546386941
9.35 8.084609081748122
9.450000000000001 8.047983896418145
9.55 8.079046908860722
9.65 8.025779037007545
9.75 8.038050810661868
9.850000000000001 8.089359209630722
9.950000000000001 8.047485540452362
10.05 8.106371745685385
10.15 8.161427341773766
10.25 8.206500485995267
10.350000000000001 8.354960530159978
10.450000000000001 8.36849358075085
10.55 8.560743990222967
10.65 8.671006011194583
10.75 8.883672723669747
10.850000000000001 9.108679647011732
10.950000000000001 9.268183993672176
11.05 9.373047241902078
11.15 9.430289962685318
11.25 9.479750702147538
11.350000000000001 9.4608296882544
11.450000000000001 9.31351233968947
11.55 9.174595031215084
11.65 9.056531875893873
11.75 8.88107870801116
11.850000000000001 8.723478811272416
11.950000000000001 8.486470647175596
12.05 8.22487166134567
12.15 7.961092668046253
12.25 7.642497101221978
12.350000000000001 7.3969214045125
12.450000000000001 7.0851242760360424
12.55 6.839760770367536
12.65 6.637884561698528
12.75 6.4076285113176
12.850000000000001 6.206439632146991
12.950000000000001 6.051188095115393
13.05 5.86881302245664
13.15 5.676011512152874
13.25 5.47655848846442
13.350000000000001 5.342513050473335
13.450000000000001 5.167364988488027
13.55 5.015302683017104
13.65 4.901941043740891
13.75 4.744897976996534
13.850000000000001 4.63445843921549
13.950000000000001 4.549203202955806
14.05 4.4493909849928395
14.15 4.371268554400556
14.25 4.313412104334986
14.350000000000001 4.208144756464061
14.450000000000001 4.154767148291976
14.55 4.097081562076759
14.65 3.9870666770258283
14.75 3.9117436947907755
14.850000000000001 3.814219408229799
14.950000000000001 3.7114458706054054
15.05 3.643082819394984
15.15 3.5364321982893046
15.25 3.474471200287871
15.350000000000001 3.382119043020109
15.450000000000001 3.3013706781658017
15.55 3.2263589030816004
15.65 3.170311521104325
15.75 3.1189008618648297
15.850000000000001 3.06665372539479
15.950000000000001 3.0165090013117566
16.05 2.9622533493161263
16.150000000000002 2.9340895566926433
16.25 2.8827327074985973
16.35 2.8336063099708935
16.45 2.80146231669639
16.55 2.755418833615402
16.650000000000002 2.6917164071970547
16.75 2.6338424851952027
16.85 2.6014216861219537
16.95 2.531962078402035
17.05 2.490789765163867
17.150000000000002 2.4653685583345566
17.25 2.419017286412222
17.35 2.3518611072199804
17.45 2.312990083593908
17.55 2.2840046148191293
17.650000000000002 2.2551277595513377
17.75 2.223842390158143
17.85 2.1932778133119037
17.95 2.175388976871769
18.05 2.130794420749923
18.150000000000002 2.10103286185575
18.25 2.071745163830595
18.35 2.05039058546796
18.45 2.021768213020157
18.55 1.9958737031181235
18.650000000000002 1.974665247734126
18.75 1.9496589086764384
18.85 1.9090669199234076
18.95 1.89049227927442
19.05 1.8609959749172307
19.150000000000002 1.8325837960834523
19.25 1.8014210622468387
19.35 1.7722483653153962
19.450000000000003 1.7535025202481773
19.55 1.7307402942983048
19.650000000000002 1.697108133261661
19.75 1.686610420156836
19.85 1.6673159342107196
19.950000000000003 1.6609964572933562
20.05 1.6288257820914844
20.150000000000002 1.6146841408197061
20.25 1.5945983200313125
20.35 1.5759644610174386
20.450000000000003 1.5602294758539328
20.55 1.5493178039768016
20.650000000000002 1.5238806401515548
20.75 1.5208615797365674
20.85 1.4975195128628895
20.950000000000003 1.4690761156435437
21.05 1.4646512676773817
21.150000000000002 1.4419315023754444
21.25 1.4313267677501356
21.35 1.4094593343954915
21.450000000000003 1.3863245381914389
21.55 1.3873702209967178
21.650000000000002 1.3637691030122783
21.75 1.3497394327928793
21.85 1.338486298205865
21.950000000000003 1.3330245435880892
22.05 1.3087531607165515
22.150000000000002 1.299631001093994
22.25 1.2897278945199533
22.35 1.2772568751960565
22.450000000000003 1.2732138227082208
22.55 1.2574268188429483
22.650000000000002 1.2457550091126974
22.75 1.231715980237836
22.85 1.2257426086020986
22.950000000000003 1.2191416654214922
23.05 1.1994992934538586
23.150000000000002 1.1902602216284566
23.25 1.1779545456739025
23.35 1.1619890744787038
23.450000000000003 1.1581691375986343
23.55 1.1496296067251592
23.650000000000002 1.1352789434385342
23.75 1.131294733824602
23.85 1.110739588988557
23.950000000000003 1.115484591762802
24.05 1.1006269466805203
24.150000000000002 1.091462906196526
24.25 1.0787772707666219
24.35 1.0732473205226265
24.450000000000003 1.0622646585049023
24.55 1.0575327161194368
24.650000000000002 1.0437476182625498
24.75 1.0472471518359376
24.85 1.036621625813734
24.950000000000003 1.0209549429849043
25.05 1.0166948985597621

