0.05 0.0
0.15000000000000002 0.0
0.25 0.0
0.35000000000000003 0.0
0.45 0.0
0.55 0.0
0.65 0.0
0.75 0.0
0.8500000000000001 0.0
0.9500000000000001 0.0
1.05 0.0
1.1500000000000001 0.0
1.25 0.0
1.35 0.0
1.4500000000000002 0.0
1.55 0.0
1.6500000000000001 0.0
1.75 0.0
1.85 0.0
1.9500000000000002 0.0
2.0500000000000003 0.0
2.15 0.0
2.25 0.0
2.35 0.0
2.45 0.0
2.5500000000000003 0.0
2.6500000000000004 0.0
2.75 0.0
2.85 0.0
2.95 0.0
3.0500000000000003 0.0
3.1500000000000004 0.0
3.25 0.0
3.35 0.0
3.45 0.0036765379936323623
3.5500000000000003 0.017375161184428774
3.6500000000000004 0.034843840974518966
3.75 0.07096328197215895
3.85 0.12703930892737533
3.95 0.1863275360270369
4.05 0.2557096262655375
4.15 0.3529529635397581
4.25 0.5720977192839508
4.3500000000000005 0.8590470597884018
4.45 1.3390707208488843
4.55 1.8875441613072428
4.65 2.5357812140805307
4.75 3.283750163910382
4.8500000000000005 4.064544304705326
4.95 4.803102256634695
5.050000000000001 5.525782659380208
5.15 6.158572189153442
5.25 6.712305861647757
5.3500000000000005 7.031776422321086
5.45 7.4389790428789695
5.550000000000001 7.781750508106683
5.65 8.003953214785577
5.75 8.18319818905295
5.8500000000000005 8.259867697871721
5.95 8.334550169516232
6.050000000000001 8.388016115204705
6.15 8.393107717025298
6.25 8.419295834426071
6.3500000000000005 8.257893442884141
6.45 8.307275025190723
6.550000000000001 8.247764989503818
6.65 8.201014520417933
6.75 8.163420389249875
6.8500000000000005 8.072992716987413
6.95 7.993302976476461
7.050000000000001 7.913484284067629
7.15 7.763779122254941
7.25 7.800032359153736
7.3500000000000005 7.652920252215649
7.45 7.573652484715909
7.550000000000001 7.4441708279286685
7.65 7.569554236790629
7.75 7.4381575663245565
7.8500000000000005 7.453812100465924
7.95 7.443184768648115
8.05 7.468754157002043
8.15 7.338685327453084
8.25 7.331488170687087
8.35 7.359408181072285
8.450000000000001 7.322296981940551
8.55 7.343458081510949
8.65 7.311586835543154
8.75 7.282669044292085
8.85 7.160790900293252
8.950000000000001 7.143424378933597
9.05 7.098078331119792
9.15 7.052881909308588
9.25 6.983892463514166
9.35 6.953929435477504
9.450000000000001 6.921480749130916
9.55 6.890978268871941
9.65 6.826165863362018
9.75 6.788247885898195
9.850000000000001 6.75656098962795
9.950000000000001 6.764925014911174
10.05 6.763778403679912
10.15 6.759212816466117
10.25 6.7421929286196844
10.350000000000001 6.772849393844963
10.450000000000001 6.737012896779403
10.55 6.776777481396618
10.65 6.782694464844331
10.75 6.822384806764458
10.850000000000001 6.793195108906708
10.950000000000001 6.811232947669727
11.05 6.811452542413377
11.15 6.810553151172728
11.25 6.891262413377584
11.350000000000001 6.935793875447345
11.450000000000001 7.005945158682715
11.55 7.107707706132176
11.65 7.239011562850403
11.75 7.37592126720479
11.850000000000001 7.527550930288036
11.950000000000001 7.68380148287349
12.05 7.77720416166934
12.15 7.850915569542839
12.25 7.923399828304226
12.350000000000001 7.894834829621337
12.450000000000001 7.875620939141498
12.55 7.783142628369506
12.65 7.671654173539695
12.75 7.506633208243692
12.850000000000001 7.299732661773021
12.950000000000001 7.062955663573053
13.05 6.855290765032318
13.15 6.63187675546444
13.25 6.423224736658029
13.350000000000001 6.148819514597525
13.450000000000001 5.953293483817355
13.55 5.764794203441141
13.65 5.534383996543897
13.75 5.396927818505825
13.850000000000001 5.221260787728563
13.950000000000001 5.071804074270039
14.05 4.958452999689799
14.15 4.823680536816616
14.25 4.704179966212364
14.350000000000001 4.58968397345539
14.450000000000001 4.507586851884038
14.55 4.415767464923541
14.65 4.330983522662385
14.75 4.236075741927466
14.850000000000001 4.16108018827386
14.950000000000001 4.072553547762758
15.05 3.9856662446608264
15.15 3.912081751430341
15.25 3.824432039334908
15.350000000000001 3.7543976291596985
15.450000000000001 3.6797274372600737
15.55 3.5948832909915716
15.65 3.5275060936318394
15.75 3.4499352913694623
15.850000000000001 3.3988141326477503
15.950000000000001 3.3150151545330635
16.05 3.266942600221144
16.150000000000002 3.192511586140214
16.25 3.1378230207767164
16.35 3.092899119912838
16.45 3.0111553134271536
16.55 2.9855237284974994
16.650000000000002 2.917012514215104
16.75 2.86300643842055
16.85 2.801523279153239
16.95 2.7706029220174067
17.05 2.6994626772847004
17.150000000000002 2.638769647014127
17.25 2.6065277022562867
17.35 2.5543812308029694
17.45 2.492413594890758
17.55 2.4787458705765513
17.650000000000002 2.420890578812843
17.75 2.3851414318198203
17.85 2.3532196342156046
17.95 2.3358889595031314
18.05 2.292076704280788
18.150000000000002 2.2723624930126385
18.25 2.23530874110485
18.35 2.20855532084474
18.45 2.1794109694678108
18.55 2.158674204119855
18.650000000000002 2.112570044194814
18.75 2.100824261885272
18.85 2.0635289675113335
18.95 2.0279476071318805
19.05 2.0040975365135183
19.150000000000002 1.9764381852369617
19.25 1.9457457227714532
19.35 1.9166266428282428
19.450000000000003 1.8911584211030994
19.55 1.8701115743483345
19.650000000000002 1.841793926719399
19.75 1.819943383841565
19.85 1.8000069732593718
19.950000000000003 1.7807605128424817
20.05 1.7702583584298017
20.150000000000002 1.7371065999867215
20.25 1.731628293639944
20.35 1.7013866190240887
20.450000000000003 1.6924269695954313
20.55 1.6681025153042457
20.650000000000002 1.6511126968578085
20.75 1.6288580516837778
20.85 1.6099908115249828
20.950000000000003 1.5875091872620612
21.05 1.5792036903126108
21.150000000000002 1.5534284757285735
21.25 1.5386138268811225
21.35 1.5115156334509587
21.450000000000003 1.493432661943497
21.55 1.4906185842204684
21.650000000000002 1.460367729747079
21.75 1.450232348941201
21.85 1.4382027927052234
21.950000000000003 1.4204898213760926
22.05 1.409243892728157
22.150000000000002 1.3865917470479217
22.25 1.3758839733129637
22.35 1.3649574661855144
22.450000000000003 1.3491072497356713
22.55 1.349651750957439
22.650000000000002 1.3207147601116158
22.75 1.3076072657782338
22.85 1.2983611736647522
22.950000000000003 1.286700378256519
23.05 1.2697458120331935
23.150000000000002 1.2563941252898168
23.25 1.2492001722428747
23.35 1.2376646736778028
23.450000000000003 1.2241296650746942
23.55 1.2016818251248729
23.650000000000002 1.1992802533933624
23.75 1.1818690251301345
23.85 1.176002987461709
23.950000000000003 1.158446397813077
24.05 1.1506266749081155
24.150000000000002 1.1469933115160125
24.25 1.1321070361420476
24.35 1.1239381225235934
24.450000000000003 1.1120228195125774
24.55 1.102450475994751
24.650000000000002 1.0968512942445234
24.75 1.0865584803016428
24.85 1.0711479067277672
24.950000000000003 1.0650515849247246
25.05 1.0587177682344915

