0.05 0.0
0.15000000000000002 0.0
0.25 0.0
0.35000000000000003 0.0
0.45 0.0
0.55 0.0
0.65 0.0
0.75 0.0
0.8500000000000001 0.0
0.9500000000000001 0.0
1.05 0.0
1.1500000000000001 0.0
1.25 0.0
1.35 0.0
1.4500000000000002 0.0
1.55 0.0
1.6500000000000001 0.0
1.75 0.0
1.85 0.0
1.9500000000000002 0.0
2.0500000000000003 0.0
2.15 0.0
2.25 0.0
2.35 0.0
2.45 0.0
2.5500000000000003 0.0
2.6500000000000004 0.0
2.75 0.0
2.85 0.0
2.95 0.0
3.0500000000000003 0.0
3.1500000000000004 0.0
3.25 0.004983130409342369
3.35 0.027311619654840122
3.45 0.18024989616832118
3.5500000000000003 0.5566035291657604
3.6500000000000004 1.1990709312974464
3.75 1.9711280983840735
3.85 2.7528173822678292
3.95 3.4323345395172113
4.05 4.0920745953942514
4.15 4.9724159496539
4.25 6.230865990977776
4.3500000000000005 7.293657670155958
4.45 8.460389722532057
4.55 9.364880702910957
4.65 9.975160988197208
4.75 10.575331568017056
4.8500000000000005 10.74442593341435
4.95 10.674611190248624
5.050000000000001 10.871393581345473
5.15 10.623940052808772
5.25 10.542912842176595
5.3500000000000005 10.310932536667544
5.45 10.102532809575544
5.550000000000001 10.004855532125891
5.65 9.811981554179859
5.75 9.62674438704913
5.8500000000000005 9.649940277980216
5.95 9.379154905691752
6.050000000000001 9.324432473860758
6.15 9.371830990018816
6.25 9.2201242585962
6.3500000000000005 9.136672481675014
6.45 9.037850505048398
6.550000000000001 8.88343029860611
6.65 8.763611912238735
6.75 8.696276499961211
6.8500000000000005 8.594767864613525
6.95 8.455544259518408
7.050000000000001 8.297330977819097
7.15 8.268850812286404
7.25 8.17791992091075
7.3500000000000005 8.145547190483624
7.45 8.09345484767296
7.550000000000001 8.045880751122521
7.65 7.937135889340964
7.75 7.96767499075508
7.8500000000000005 7.92314321857132
7.95 7.9129637029583755
8.05 7.876479199663743
8.15 7.872566017029965
8.25 7.785156244009708
8.35 7.797811161321212
8.450000000000001 7.830793414088212
8.55 7.762980184087134
8.65 7.762422665236449
8.75 7.711239952562543
8.85 7.69058181077007
8.950000000000001 7.656070838608933
9.05 7.570858817315699
9.15 7.5546331473112955
9.25 7.570900558700561
9.35 7.5147843561306
9.450000000000001 7.4817737715634784
9.55 7.480493453108182
9.65 7.47497435900981
9.75 7.532305228404234
9.850000000000001 7.490440490848364
9.950000000000001 7.499662573278633
10.05 7.534453090382497
10.15 7.5629246590589485
10.25 7.604085979639722
10.350000000000001 7.625183978112642
10.450000000000001 7.658845689537773
10.55 7.719281132102347
10.65 7.765666931040327
10.75 7.89537502896255
10.850000000000001 8.062336030944378
10.950000000000001 8.145635090747618
11.05 8.353583917947052
11.15 8.518382147935426
11.25 8.567473055398391
11.350000000000001 8.66740586933859
11.450000000000001 8.848656640889827
11.55 8.907687320342314
11.65 8.98239915437463
11.75 8.967414442216505
11.850000000000001 8.842644339457824
11.950000000000001 8.662722138644737
12.05 8.364573945668042
12.15 8.05706772373661
12.25 7.65897832955744
12.350000000000001 7.3320886627669415
12.450000000000001 7.015221706717946
12.55 6.700635426457325
12.65 6.451592216616091
12.75 6.191974958001755
12.850000000000001 6.007285151617356
12.950000000000001 5.801350758307924
13.05 5.5993222422999755
13.15 5.41123992415202
13.25 5.264607218268649
13.350000000000001 5.134620007819176
13.450000000000001 4.938850132184786
13.55 4.841494082878955
13.65 4.749666127791685
13.75 4.637090231347789
13.850000000000001 4.507656138565074
13.950000000000001 4.447139105899735
14.05 4.347207521138754
14.15 4.282036500826085
14.25 4.237072887059098
14.350000000000001 4.155404532205199
14.450000000000001 4.0788326972274875
14.55 4.024756112890361
14.65 3.9310983738721132
14.75 3.8532437649523184
14.850000000000001 3.80780204218358
14.950000000000001 3.7215858878356913
15.05 3.670913678760087
15.15 3.5956691626955704
15.25 3.526123951036781
15.350000000000001 3.4583045682426685
15.450000000000001 3.4101855045049945
15.55 3.36694216282491
15.65 3.295990436363498
15.75 3.2717396308410183
15.850000000000001 3.2139119904510225
15.950000000000001 3.158029786399509
16.05 3.1309676631343817
16.150000000000002 3.051403545498213
16.25 3.006568373525551
16.35 2.9653357440869126
16.45 2.9124748119501485
16.55 2.853760741980675
16.650000000000002 2.8216210871811134
16.75 2.7557352106490347
16.85 2.6867835123079273
16.95 2.661050770139172
17.05 2.607351710820205
17.150000000000002 2.557323153224775
17.25 2.512992155141855
17.35 2.4629388888638823
17.45 2.4486941258762736
17.55 2.3935077607708632
17.650000000000002 2.3736976694178678
17.75 2.352431348942685
17.85 2.305222771352399
17.95 2.2783076275474943
18.05 2.2551258883996175
18.150000000000002 2.209509735933722
18.25 2.1998225031712995
18.35 2.1564217240036863
18.45 2.129493007194997
18.55 2.1071895278356716
18.650000000000002 2.0782087285634216
18.75 2.042955347232797
18.85 2.0164901915569944
18.95 1.9847113776905603
19.05 1.9672544711414806
19.150000000000002 1.9333910407122334
19.25 1.909311909687818
19.35 1.895455215228519
19.450000000000003 1.86001147504974
19.55 1.831122375360502
19.650000000000002 1.813104332432398
19.75 1.798805982089754
19.85 1.7670151367299916
19.950000000000003 1.7613503486072308
20.05 1.739010713732599
20.150000000000002 1.7223512508248298
20.25 1.709969545602346
20.35 1.6743943622790671
20.450000000000003 1.6706598897700957
20.55 1.6398275806552385
20.650000000000002 1.6189134647344006
20.75 1.610437195788433
20.85 1.5851586410180947
20.950000000000003 1.5729175613362312
21.05 1.5549307738649356
21.150000000000002 1.5352557127764925
21.25 1.5129254691201268
21.35 1.5034215239954625
21.450000000000003 1.482141316983911
21.55 1.4737178117324596
21.650000000000002 1.4538702452164851
21.75 1.4306060222533763
21.85 1.4242866130307974
21.950000000000003 1.3994332607295352
22.05 1.4002728317903725
22.150000000000002 1.380955149710753
22.25 1.3653301314205049
22.35 1.3569436535973742
22.450000000000003 1.3345168990159586
22.55 1.337963863037162
22.650000000000002 1.3135898300304698
22.75 1.3051550220496762
22.85 1.288205092107384
22.950000000000003 1.2712498484943324
23.05 1.2612108851944865
23.150000000000002 1.2546456854334367
23.25 1.240422503900355
23.35 1.2277913700828518
23.450000000000003 1.2106933232678259
23.55 1.199877514472602
23.650000000000002 1.186733350629914
23.75 1.182993328075169
23.85 1.1725535341371416
23.950000000000003 1.1535981466606826
24.05 1.148745144079775
24.150000000000002 1.1378433518708817
24.25 1.1213218829833664
24.35 1.121703728703199
24.450000000000003 1.1054846772509022
24.55 1.0865145564776435
24.650000000000002 1.0960483954350058
24.75 1.0882420123987735
24.85 1.063578695116698
24.950000000000003 1.0591465518245131
25.05 1.0548262298930373

