0.05 0.0
0.15000000000000002 0.0
0.25 0.0
0.35000000000000003 0.0
0.45 0.0
0.55 0.0
0.65 0.0
0.75 0.0
0.8500000000000001 0.0
0.9500000000000001 0.0
1.05 0.0
1.1500000000000001 0.0
1.25 0.0
1.35 0.0
1.4500000000000002 0.0
1.55 0.0
1.6500000000000001 0.0
1.75 0.0
1.85 0.0
1.9500000000000002 0.0
2.0500000000000003 0.0
2.15 0.0
2.25 0.0
2.35 0.0
2.45 0.0
2.5500000000000003 0.0
2.6500000000000004 0.0
2.75 0.0
2.85 0.0
2.95 0.0
3.0500000000000003 0.001881936944551221
3.1500000000000004 0.005288310396845839
3.25 0.02568930387660248
3.35 0.12401781854294476
3.45 0.41426244052573485
3.5500000000000003 0.9152299018843817
3.6500000000000004 1.6460153485601734
3.75 2.6117479157277144
3.85 3.6347471569549916
3.95 4.624806222533076
4.05 5.301757501423572
4.15 5.909713343834304
4.25 6.3438468725563055
4.3500000000000005 6.722004169742504
4.45 7.0760967143883065
4.55 7.300690834678697
4.65 7.495476373521685
4.75 7.867230306321268
4.8500000000000005 8.317538809974707
4.95 8.603914704506984
5.050000000000001 9.04980837893201
5.15 9.246146659182513
5.25 9.456587512380986
5.3500000000000005 9.630271014150228
5.45 9.720825743655755
5.550000000000001 9.764739772692455
5.65 9.67905145880074
5.75 9.598280775176377
5.8500000000000005 9.346704921959166
5.95 9.194751779403784
6.050000000000001 9.186303075926615
6.15 9.07518691818659
6.25 8.966867112873489
6.3500000000000005 8.885554116440392
6.45 8.82303552798701
6.550000000000001 8.689247067316444
6.65 8.781537135903198
6.75 8.651866078203389
6.8500000000000005 8.561871165395011
6.95 8.403943111872413
7.050000000000001 8.364590825306017
7.15 8.392662867395604
7.25 8.353388110210918
7.3500000000000005 8.189212602832777
7.45 8.160768412410308
7.550000000000001 8.128513328486854
7.65 8.051834827733261
7.75 7.968513639803623
7.8500000000000005 7.948123584545498
7.95 7.894272491488574
8.05 7.836377060474934
8.15 7.794138769348599
8.25 7.753833114604024
8.35 7.679180764081562
8.450000000000001 7.666691012108987
8.55 7.7106317751132005
8.65 7.660551791920127
8.75 7.648074191269117
8.85 7.645085575104835
8.950000000000001 7.719248750918804
9.05 7.697357493706765
9.15 7.628785744909369
9.25 7.601159128669471
9.35 7.562660087300324
9.450000000000001 7.540358461638505
9.55 7.499745967860131
9.65 7.507397381386728
9.75 7.387868328448921
9.850000000000001 7.366802112416455
9.950000000000001 7.425596267321691
10.05 7.410223065976029
10.15 7.421475500499299
10.25 7.473370036681823
10.350000000000001 7.531740498477737
10.450000000000001 7.553169235278686
10.55 7.630603650956354
10.65 7.702350488171238
10.75 7.8144322994305755
10.850000000000001 7.974569696744318
10.950000000000001 8.1511943567996
11.05 8.32878197131009
11.15 8.503666703136483
11.25 8.617045496746568
11.350000000000001 8.622285894848623
11.450000000000001 8.56641655387733
11.55 8.493829327880805
11.65 8.314666548846159
11.75 8.17065281711026
11.850000000000001 7.995488166740398
11.950000000000001 7.836725681275633
12.05 7.658665882191872
12.15 7.563278674901391
12.25 7.434591113077856
12.350000000000001 7.256486420670505
12.450000000000001 7.114902836306355
12.55 6.94546933076769
12.65 6.80488382177244
12.75 6.6021171820354425
12.850000000000001 6.371128163512707
12.950000000000001 6.19945788595094
13.05 5.991916874230396
13.15 5.801748483415487
13.25 5.632432690313322
13.350000000000001 5.466516046809298
13.450000000000001 5.282080457081288
13.55 5.113846455289033
13.65 4.994348448691516
13.75 4.862181020352423
13.850000000000001 4.6965845948206555
13.950000000000001 4.583405385574587
14.05 4.455802567693518
14.15 4.405356428758231
14.25 4.3058407756204975
14.350000000000001 4.2400090803465655
14.450000000000001 4.133328316490786
14.55 4.0809266918852485
14.65 4.0005983334533575
14.75 3.9611819837986704
14.850000000000001 3.8848525498474826
14.950000000000001 3.8362637255700505
15.05 3.793702957534699
15.15 3.7024802553923575
15.25 3.654284422073148
15.350000000000001 3.5641153299384323
15.450000000000001 3.5180407923837245
15.55 3.4592814760461614
15.65 3.374973564718846
15.75 3.3341995376541864
15.850000000000001 3.2369732943089646
15.950000000000001 3.173042927402456
16.05 3.115797678893357
16.150000000000002 3.0532397993962683
16.25 3.0117399948426615
16.35 2.9560193382968745
16.45 2.8916187813799215
16.55 2.846347869940731
16.650000000000002 2.7974578141678994
16.75 2.7487034775629615
16.85 2.7154070581918477
16.95 2.6663621797945303
17.05 2.6357315288971805
17.150000000000002 2.5857927517190125
17.25 2.537127663105953
17.35 2.5012062794781325
17.45 2.4769148958927603
17.55 2.4303567062311395
17.650000000000002 2.389948596867124
17.75 2.3415606794994726
17.85 2.3161090666516304
17.95 2.265863529302156
18.05 2.2460466256912595
18.150000000000002 2.183837341639446
18.25 2.1707260518150426
18.35 2.1449791008447914
18.45 2.1143779664106264
18.55 2.0975103609215067
18.650000000000002 2.054447728939869
18.75 2.0438589621312504
18.85 2.020514952612574
18.95 1.993798412110011
19.05 1.9726547038965847
19.150000000000002 1.941014442705696
19.25 1.912049593367532
19.35 1.889652720730861
19.450000000000003 1.8765700369413554
19.55 1.8543750044847793
19.650000000000002 1.8203513402705047
19.75 1.8112695604652445
19.85 1.7748448826828578
19.950000000000003 1.7661266673803597
20.05 1.72979089611456
20.150000000000002 1.7168214772978476
20.25 1.693926573226502
20.35 1.6638775532582186
20.450000000000003 1.6486164247494142
20.55 1.6387911746957073
20.650000000000002 1.610376478419646
20.75 1.5894287566571164
20.85 1.5844896492417024
20.950000000000003 1.56826603208612
21.05 1.5576686078630837
21.150000000000002 1.5493558951032398
21.25 1.5126970839742904
21.35 1.4980186211118174
21.450000000000003 1.4818590041404476
21.55 1.4673334445047608
21.650000000000002 1.4528494697343832
21.75 1.4335418379264315
21.85 1.4242644595072123
21.950000000000003 1.4116113217423587
22.05 1.3930709991886132
22.150000000000002 1.3821332141116927
22.25 1.3534193151754215
22.35 1.34789717696688
22.450000000000003 1.3339938785452947
22.55 1.3202962794265087
22.650000000000002 1.3057076323654266
22.75 1.2853926657003258
22.85 1.2753235650809254
22.950000000000003 1.270681095988283
23.05 1.2587392221049267
23.150000000000002 1.2461367661013196
23.25 1.2335293038765422
23.35 1.2231055885842523
23.450000000000003 1.2034447144073075
23.55 1.199287548768758
23.650000000000002 1.1885685601577725
23.75 1.1730578520348578
23.85 1.168038545517939
23.950000000000003 1.158918475600218
24.05 1.1375738803606685
24.150000000000002 1.130589084220129
24.25 1.1297060807195423
24.35 1.1098636830438657
24.450000000000003 1.0926019644269187
24.55 1.0923434908282446
24.650000000000002 1.0838826811352111
24.75 1.0720849497216203
24.85 1.059167357554303
24.950000000000003 1.0557142810469309
25.05 1.042784095765839

