0.05 0.0
0.15000000000000002 0.0
0.25 0.0
0.35000000000000003 0.0
0.45 0.0
0.55 0.0
0.65 0.0
0.75 0.0
0.8500000000000001 0.0
0.9500000000000001 0.0
1.05 0.0
1.1500000000000001 0.0
1.25 0.0
1.35 0.0
1.4500000000000002 0.0
1.55 0.0
1.6500000000000001 0.0
1.75 0.0
1.85 0.0
1.9500000000000002 0.0
2.0500000000000003 0.0
2.15 0.0
2.25 0.0
2.35 0.0
2.45 0.0
2.5500000000000003 0.0
2.6500000000000004 0.0
2.75 0.0
2.85 0.0032282042374362128
2.95 0.008056624810836518
3.0500000000000003 0.006591705950841128
3.1500000000000004 0.04587160041881288
3.25 0.3166961923447242
3.35 0.7889375546439562
3.45 1.7224165455734088
3.5500000000000003 2.988768096141921
3.6500000000000004 4.379368865333458
3.75 5.6321271979983205
3.85 6.75609608355805
3.95 7.3986878801303835
4.05 8.122201282096675
4.15 8.336012606336146
4.25 8.711520481258653
4.3500000000000005 8.815557774302562
4.45 9.002462971798193
4.55 9.02013059123087
4.65 9.120423187966674
4.75 9.354379582187088
4.8500000000000005 9.50750785988592
4.95 9.472407104741905
5.050000000000001 9.587774179771246
5.15 9.59670326069984
5.25 9.738167694177696
5.3500000000000005 9.766830271907732
5.45 9.772250960316853
5.550000000000001 9.79437094236139
5.65 9.728930847162887
5.75 9.593012587419732
5.8500000000000005 9.5079398273204
5.95 9.561847549401469
6.050000000000001 9.34173218480697
6.15 9.228591541751918
6.25 9.140081254884175
6.3500000000000005 9.120080563696607
6.45 8.961810375142639
6.550000000000001 8.827342695236352
6.65 8.770986831154072
6.75 8.671569045290829
6.8500000000000005 8.569978294628003
6.95 8.58525209363269
7.050000000000001 8.51148798123691
7.15 8.415205644650989
7.25 8.369714141484149
7.3500000000000005 8.336678398037837
7.45 8.224684912269671
7.550000000000001 8.167925514515657
7.65 8.180750545666584
7.75 8.019972833275826
7.8500000000000005 8.036606145080249
7.95 8.041419656986474
8.05 7.921346127137899
8.15 7.945584270943267
8.25 7.905286476642001
8.35 7.85334664298804
8.450000000000001 7.836758857250973
8.55 7.749573379763466
8.65 7.737119706224592
8.75 7.746725934709353
8.85 7.705648256381433
8.950000000000001 7.749460498623217
9.05 7.675136487805047
9.15 7.7486080212816635
9.25 7.74822887451547
9.35 7.726578922537282
9.450000000000001 7.7068936428626476
9.55 7.6852937530768495
9.65 7.669848982112416
9.75 7.675766385368838
9.850000000000001 7.6625185274421375
9.950000000000001 7.659391252673374
10.05 7.709625615236109
10.15 7.642539039237334
10.25 7.807489235211482
10.350000000000001 7.8691727318545475
10.450000000000001 7.947380158344019
10.55 8.156813635704518
10.65 8.319819321958548
10.75 8.460298750495609
10.850000000000001 8.70693218791895
10.950000000000001 8.933704027788446
11.05 9.056870313759706
11.15 9.071929303948219
11.25 9.00898244687528
11.350000000000001 8.853428631788304
11.450000000000001 8.681880740401583
11.55 8.474050955357148
11.65 8.169127300117413
11.75 7.948444591159616
11.850000000000001 7.754400014449588
11.950000000000001 7.529333015571752
12.05 7.322686090508774
12.15 7.084672527941471
12.25 6.906923594754869
12.350000000000001 6.729061776857617
12.450000000000001 6.565071195033897
12.55 6.409311424249033
12.65 6.307962570959873
12.75 6.131264320368313
12.850000000000001 5.980581546478738
12.950000000000001 5.8623574475516
13.05 5.700466034661349
13.15 5.576276125966985
13.25 5.3884610081563915
13.350000000000001 5.252538060049951
13.450000000000001 5.110184040011995
13.55 4.946372658601919
13.65 4.814307614496584
13.75 4.687340871784755
13.850000000000001 4.5506813606200485
13.950000000000001 4.419593454009115
14.05 4.344088719461383
14.15 4.253034358791581
14.25 4.163016004423664
14.350000000000001 4.098478949322519
14.450000000000001 4.033970251034704
14.55 3.9738335950142925
14.65 3.9156200060278112
14.75 3.8653349251174793
14.850000000000001 3.8195016835186766
14.950000000000001 3.7478729196193026
15.05 3.6598746313897594
15.15 3.631727305743223
15.25 3.5590980809938237
15.350000000000001 3.4836440059154126
15.450000000000001 3.417204286956739
15.55 3.348963453764451
15.65 3.289833952933149
15.75 3.2066015300331667
15.850000000000001 3.1577034542601035
15.950000000000001 3.1158109354910457
16.05 3.075645447620121
16.150000000000002 3.0258903863222653
16.25 2.963782142095905
16.35 2.9113142833103405
16.45 2.885016435480397
16.55 2.850859418096622
16.650000000000002 2.80960027782039
16.75 2.7723944823011766
16.85 2.700082374287405
16.95 2.6779350294246655
17.05 2.62381686106718
17.150000000000002 2.5888940626572974
17.25 2.5507770117865904
17.35 2.49699309695808
17.45 2.4654969473932633
17.55 2.4156214932241102
17.650000000000002 2.374784725282988
17.75 2.335975460763115
17.85 2.2990261030893633
17.95 2.272800165965015
18.05 2.2219822590783895
18.150000000000002 2.212687635478838
18.25 2.173155300945316
18.35 2.1497641972952333
18.45 2.1196328045004873
18.55 2.0967131430575563
18.650000000000002 2.0654916309785447
18.75 2.036623958350645
18.85 2.026561087717774
18.95 1.9921449850730995
19.05 1.969439782502472
19.150000000000002 1.9457395478029915
19.25 1.9198046098241628
19.35 1.8833223825291696
19.450000000000003 1.8659750210051258
19.55 1.8511643814901042
19.650000000000002 1.816819407619457
19.75 1.7907525241270592
19.85 1.7728451928591427
19.950000000000003 1.7583482378309394
20.05 1.7264361960322196
20.150000000000002 1.7105763357375074
20.25 1.6798417760905733
20.35 1.672556530423896
20.450000000000003 1.6522412525480519
20.55 1.6333744242266306
20.650000000000002 1.6241691683996446
20.75 1.5993520567002832
20.85 1.5918797183421467
20.950000000000003 1.5678210642170143
21.05 1.551198691782223
21.150000000000002 1.529156653860728
21.25 1.5158080888044947
21.35 1.5075039329628983
21.450000000000003 1.4848912922594386
21.55 1.476215867712849
21.650000000000002 1.4507463406415424
21.75 1.433476724531044
21.85 1.4255628348155103
21.950000000000003 1.4131624286231204
22.05 1.396829648842621
22.150000000000002 1.3690738916818808
22.25 1.3637490896457924
22.35 1.3518340686119217
22.450000000000003 1.3328853960169458
22.55 1.3228338380584495
22.650000000000002 1.3038205326392234
22.75 1.3028159500496135
22.85 1.2787350128387718
22.950000000000003 1.2800373593736838
23.05 1.260911403610913
23.150000000000002 1.2554046707368207
23.25 1.2407512360126334
23.35 1.2243516513239623
23.450000000000003 1.2090493193236949
23.55 1.201821077456888
23.650000000000002 1.1985575953636731
23.75 1.1883035830329667
23.85 1.1675827209873262
23.950000000000003 1.160605487307059
24.05 1.1548938354532177
24.150000000000002 1.129929496177056
24.25 1.1301574629344593
24.35 1.1125171731534964
24.450000000000003 1.10328998826496
24.55 1.1003193083018115
24.650000000000002 1.092373764472714
24.75 1.0813680972346091
24.85 1.0705338322383438
24.950000000000003 1.0592239590679207
25.05 1.0526373848373847

