0.05 0.0
0.15000000000000002 0.0
0.25 0.0
0.35000000000000003 0.0
0.45 0.0
0.55 0.0
0.65 0.0
0.75 0.0
0.8500000000000001 0.0
0.9500000000000001 0.0
1.05 0.0
1.1500000000000001 0.0
1.25 0.0
1.35 0.0
1.4500000000000002 0.0
1.55 0.0
1.6500000000000001 0.0
1.75 0.0
1.85 0.0
1.9500000000000002 0.0
2.0500000000000003 0.0
2.15 0.0
2.25 0.0
2.35 0.0
2.45 0.0
2.5500000000000003 0.0
2.6500000000000004 0.0
2.75 0.0
2.85 0.0010767917266967264
2.95 0.0
3.0500000000000003 0.0056445497022341445
3.1500000000000004 0.044989411341521256
3.25 0.29275370766354636
3.35 0.8592000584003032
3.45 1.9292453496380948
3.5500000000000003 3.2812726214198054
3.6500000000000004 4.76903579052161
3.75 6.105263379441324
3.85 7.138491236858537
3.95 7.813484283845129
4.05 8.460483432296332
4.15 8.839338699233034
4.25 9.23696303657063
4.3500000000000005 9.405900520223327
4.45 9.650243981376342
4.55 9.813485766358676
4.65 9.985218590358222
4.75 10.21108125766921
4.8500000000000005 10.3128838740088
4.95 10.339123867089953
5.050000000000001 10.511402806056848
5.15 10.477761290256677
5.25 10.450186414356159
5.3500000000000005 10.405408354239711
5.45 10.374875320787396
5.550000000000001 10.321291036830791
5.65 10.288078053013777
5.75 10.258368473348542
5.8500000000000005 10.109495827894364
5.95 10.026136141031705
6.050000000000001 9.913660377014144
6.15 9.811552544352365
6.25 9.728219537608666
6.3500000000000005 9.672303883774513
6.45 9.629312987662837
6.550000000000001 9.491561483079327
6.65 9.389259263166569
6.75 9.35202229425676
6.8500000000000005 9.275225005484794
6.95 9.167121496726432
7.050000000000001 9.13045395698351
7.15 9.032242649741171
7.25 8.910507405080065
7.3500000000000005 8.93593230977722
7.45 8.79313538806534
7.550000000000001 8.75626008815459
7.65 8.665499129150703
7.75 8.648286988900974
7.8500000000000005 8.675036609258418
7.95 8.520333913368512
8.05 8.471588669513993
8.15 8.52383664727986
8.25 8.410041016454967
8.35 8.376994997327605
8.450000000000001 8.405470144065506
8.55 8.239612059557109
8.65 8.221435683752878
8.75 8.194922690028067
8.85 8.177272611499118
8.950000000000001 8.098488957526273
9.05 8.127938542231215
9.15 8.134141392597005
9.25 8.115053871617308
9.35 8.122813894320826
9.450000000000001 8.128845681055278
9.55 8.124313864063511
9.65 8.058813647852567
9.75 8.047985791270646
9.850000000000001 8.01792132115401
9.950000000000001 8.045127428175249
10.05 8.03636133847627
10.15 8.11519647736269
10.25 8.225778403424778
10.350000000000001 8.242930675113394
10.450000000000001 8.425886613239816
10.55 8.608496042333925
10.65 8.746375220240981
10.75 8.988345392834958
10.850000000000001 9.235707836493134
10.950000000000001 9.366477600075493
11.05 9.566635307144429
11.15 9.55048138201391
11.25 9.481857500062036
11.350000000000001 9.304097253616039
11.450000000000001 9.122377911681946
11.55 8.959029352284631
11.65 8.621603999811242
11.75 8.458220665776617
11.850000000000001 8.18242946263828
11.950000000000001 7.98200614345552
12.05 7.689234066353136
12.15 7.483483831310079
12.25 7.258569305230045
12.350000000000001 7.092556553690565
12.450000000000001 6.875514491426561
12.55 6.703983503366225
12.65 6.534299209577041
12.75 6.398227263041238
12.850000000000001 6.182629352889259
12.950000000000001 6.0620673368772975
13.05 5.889925862448688
13.15 5.733020512630743
13.25 5.580945412410126
13.350000000000001 5.415589960553579
13.450000000000001 5.263742562364118
13.55 5.1174108157704294
13.65 4.988732148557445
13.75 4.8288587448722495
13.850000000000001 4.729510432393116
13.950000000000001 4.60949673929943
14.05 4.502393193056746
14.15 4.423506366118715
14.25 4.310557826235752
14.350000000000001 4.241617293730032
14.450000000000001 4.156972325437256
14.55 4.102231268264651
14.65 4.024008415099012
14.75 3.920722188999832
14.850000000000001 3.8751966969123184
14.950000000000001 3.7712209025655126
15.05 3.692567507768822
15.15 3.6253993466404766
15.25 3.5416260725477047
15.350000000000001 3.458392231612817
15.450000000000001 3.3945162854624122
15.55 3.314184385330974
15.65 3.249699995878296
15.75 3.2013133052511864
15.850000000000001 3.1339910071495454
15.950000000000001 3.056809865650083
16.05 3.0109143967240146
16.150000000000002 2.9470342150913025
16.25 2.9015611486106585
16.35 2.8693813020699657
16.45 2.811165296939335
16.55 2.7874428712626917
16.650000000000002 2.713658350421068
16.75 2.695230250116921
16.85 2.6259241347673967
16.95 2.598955573970064
17.05 2.545606764653263
17.150000000000002 2.4992171156675465
17.25 2.450412768434201
17.35 2.418259115557227
17.45 2.3715625807393987
17.55 2.3301788692350747
17.650000000000002 2.2928533688858015
17.75 2.2702252580584954
17.85 2.229900885606296
17.95 2.182075211081782
18.05 2.1506728696722126
18.150000000000002 2.1255165467232993
18.25 2.0906721759526956
18.35 2.0444561938476222
18.45 2.0336472293406125
18.55 2.0034514953464866
18.650000000000002 1.9826966837804634
18.75 1.963152283294728
18.85 1.933214052449492
18.95 1.885998894501475
19.05 1.877636998866675
19.150000000000002 1.8625257180536117
19.25 1.8160153820068632
19.35 1.7949925655767576
19.450000000000003 1.774089403058637
19.55 1.756954014152682
19.650000000000002 1.7218375512338564
19.75 1.6998660326090504
19.85 1.6770546248505345
19.950000000000003 1.667837312622247
20.05 1.6433848386136465
20.150000000000002 1.6170142111880215
20.25 1.6026853104886325
20.35 1.5831132952204505
20.450000000000003 1.569375737841839
20.55 1.5424884608940765
20.650000000000002 1.5175628050653391
20.75 1.5111080437591324
20.85 1.4969158691161855
20.950000000000003 1.473963474410288
21.05 1.4693915561777375
21.150000000000002 1.44712915366661
21.25 1.4282361508864216
21.35 1.4184613788492482
21.450000000000003 1.4027024195100315
21.55 1.3953980819613276
21.650000000000002 1.3647014766356371
21.75 1.358085151569743
21.85 1.3397689708505718
21.950000000000003 1.3215080781139306
22.05 1.3183051133653654
22.150000000000002 1.304958072621016
22.25 1.2904354596688021
22.35 1.2755095051205152
22.450000000000003 1.2664845547469499
22.55 1.2561522020529121
22.650000000000002 1.238478039677559
22.75 1.233208132384725
22.85 1.220350151926736
22.950000000000003 1.2080806569023208
23.05 1.1900414657038523
23.150000000000002 1.190558510834645
23.25 1.1778774117360329
23.35 1.1692379104160402
23.450000000000003 1.1530166363274608
23.55 1.1543362271559243
23.650000000000002 1.1368774635352767
23.75 1.1354122960877095
23.85 1.1199208228143869
23.950000000000003 1.1036468148504537
24.05 1.0991686887815024
24.150000000000002 1.0944965836451326
24.25 1.0849075637278087
24.35 1.0661273315265527
24.450000000000003 1.0633441166092705
24.55 1.0557902595358966
24.650000000000002 1.0576094448990574
24.75 1.034798332589952
24.85 1.0306621358748793
24.950000000000003 1.0248848622746092
25.05 1.0157462647905562

