0.05 0.0
0.15000000000000002 0.0
0.25 0.0
0.35000000000000003 0.0
0.45 0.0
0.55 0.0
0.65 0.0
0.75 0.0
0.8500000000000001 0.0
0.9500000000000001 0.0
1.05 0.0
1.1500000000000001 0.0
1.25 0.0
1.35 0.0
1.4500000000000002 0.0
1.55 0.0
1.6500000000000001 0.0
1.75 0.0
1.85 0.0
1.9500000000000002 0.0
2.0500000000000003 0.0
2.15 0.0
2.25 0.0
2.35 0.0
2.45 0.0
2.5500000000000003 0.0
2.6500000000000004 0.0
2.75 0.0
2.85 0.0
2.95 0.0
3.0500000000000003 0.0
3.1500000000000004 0.0
3.25 0.0041503710446392506
3.35 0.023406041183597685
3.45 0.22368194536402647
3.5500000000000003 0.8602583338311166
3.6500000000000004 2.0694315963931804
3.75 3.495713184380231
3.85 4.919317538720129
3.95 5.962064128088415
4.05 6.55283567999016
4.15 7.163733102558303
4.25 7.723803477332707
4.3500000000000005 8.442539338238339
4.45 9.136448814112665
4.55 10.106335795479236
4.65 10.724925043350037
4.75 11.258347116652669
4.8500000000000005 11.611212797385017
4.95 11.971430971579686
5.050000000000001 11.87364996244913
5.15 11.77406224913713
5.25 11.721971260764764
5.3500000000000005 11.526388597826053
5.45 11.41876325283966
5.550000000000001 11.199698780861857
5.65 10.987874377015181
5.75 10.795393418687176
5.8500000000000005 10.669960448734011
5.95 10.563444568138506
6.050000000000001 10.407806185780945
6.15 10.229054769432466
6.25 10.221979367732656
6.3500000000000005 10.12605551699758
6.45 10.033094013392208
6.550000000000001 9.975506143787175
6.65 9.859248236931425
6.75 9.800919370522701
6.8500000000000005 9.69219890689309
6.95 9.546201584927509
7.050000000000001 9.458953117544542
7.15 9.325623158305499
7.25 9.183557521170949
7.3500000000000005 9.11926341335006
7.45 9.107287187911783
7.550000000000001 8.905793444065676
7.65 8.769516003892832
7.75 8.696645046757643
7.8500000000000005 8.689492562314696
7.95 8.611677508412267
8.05 8.538788948340475
8.15 8.470003034049643
8.25 8.502425661694001
8.35 8.383455765101115
8.450000000000001 8.361750828973598
8.55 8.355205378772137
8.65 8.335810178457526
8.75 8.268430473981775
8.85 8.235491971930436
8.950000000000001 8.175074537327157
9.05 8.157872592145
9.15 8.09569568163691
9.25 8.099608313824039
9.35 8.073813952296748
9.450000000000001 8.05014093782525
9.55 8.008487777030044
9.65 7.938232381498072
9.75 7.968210170165606
9.850000000000001 7.9622468500365144
9.950000000000001 7.951360802594628
10.05 7.908324494084799
10.15 7.9511353294498806
10.25 8.038133670182305
10.350000000000001 8.150223006669453
10.450000000000001 8.21083047206262
10.55 8.327613682599651
10.65 8.43789810184832
10.75 8.592795053895026
10.850000000000001 8.73662058618999
10.950000000000001 9.018637937963666
11.05 9.230008772800812
11.15 9.440965094503024
11.25 9.535215344273695
11.350000000000001 9.512061806739329
11.450000000000001 9.441674095848068
11.55 9.379986880017793
11.65 9.244580383156448
11.75 9.115740577285216
11.850000000000001 9.024998324356753
11.950000000000001 8.87762342291144
12.05 8.570798360225195
12.15 8.272957741879665
12.25 7.923590627410099
12.350000000000001 7.548705778431635
12.450000000000001 7.273766444062135
12.55 6.949956515225772
12.65 6.709515634826028
12.75 6.471483003119356
12.850000000000001 6.274694524655484
12.950000000000001 6.058785822560656
13.05 5.892730166653334
13.15 5.7074607375794795
13.25 5.534503525283708
13.350000000000001 5.347003360146119
13.450000000000001 5.186281982830457
13.55 5.028462067640756
13.65 4.846939020896635
13.75 4.700840389294606
13.850000000000001 4.579603927290734
13.950000000000001 4.436497491833546
14.05 4.349069438552905
14.15 4.25432230494614
14.25 4.211454047623208
14.350000000000001 4.083814844949052
14.450000000000001 4.021566592778132
14.55 3.9553848915927143
14.65 3.8810571404439522
14.75 3.801962374560957
14.850000000000001 3.744407841744499
14.950000000000001 3.6548093806938216
15.05 3.5594001693872332
15.15 3.4864199881206424
15.25 3.3996633991709975
15.350000000000001 3.3251223549964095
15.450000000000001 3.248983976558302
15.55 3.2044556103157773
15.65 3.1288724760004
15.75 3.061279614367005
15.850000000000001 3.0095112332644063
15.950000000000001 2.9318529125791373
16.05 2.920110611882908
16.150000000000002 2.8745225378169685
16.25 2.8225009427360184
16.35 2.7769521704761995
16.45 2.7381295207735437
16.55 2.7058962878547854
16.650000000000002 2.6597164665656243
16.75 2.624410588968519
16.85 2.571964083460582
16.95 2.5335987143671455
17.05 2.4985049470216825
17.150000000000002 2.4396981806990614
17.25 2.399606695771694
17.35 2.366203872919138
17.45 2.3446097055139004
17.55 2.2762971506807035
17.650000000000002 2.2602290340246283
17.75 2.223948588740617
17.85 2.1876405164446826
17.95 2.1700233555252972
18.05 2.1303677355092088
18.150000000000002 2.113279664128069
18.25 2.0686349796436385
18.35 2.0582268670048998
18.45 2.0216474985307173
18.55 2.0047481991803733
18.650000000000002 1.9821409482815189
18.75 1.9555023393986992
18.85 1.9235333890764548
18.95 1.9053203492438053
19.05 1.8929059362643137
19.150000000000002 1.848525537298431
19.25 1.8327844074275506
19.35 1.7992783225709255
19.450000000000003 1.7768239916018462
19.55 1.7685810036988405
19.650000000000002 1.7352651297105341
19.75 1.7251507007542952
19.85 1.6997701958680054
19.950000000000003 1.6808733855095699
20.05 1.651253457815477
20.150000000000002 1.640712744933059
20.25 1.6266302622052007
20.35 1.6101610037842407
20.450000000000003 1.586557339903523
20.55 1.5687879224841785
20.650000000000002 1.552629300492311
20.75 1.5381213005236332
20.85 1.5213914584048176
20.950000000000003 1.5002993368720439
21.05 1.492083818195782
21.150000000000002 1.474055775391464
21.25 1.458380431993537
21.35 1.4379557780827963
21.450000000000003 1.425107270858268
21.55 1.4138712412784535
21.650000000000002 1.393918976403535
21.75 1.3758832808542745
21.85 1.3639494228569176
21.950000000000003 1.358574569827847
22.05 1.3396459985658864
22.150000000000002 1.322586608916953
22.25 1.3085540048901716
22.35 1.293360479480221
22.450000000000003 1.29313490404005
22.55 1.2725588339161924
22.650000000000002 1.2621680609765642
22.75 1.2498977684752979
22.85 1.2298881037978833
22.950000000000003 1.228897022476775
23.05 1.2184101894663486
23.150000000000002 1.2023961899847933
23.25 1.1895426529525241
23.35 1.1862191672175117
23.450000000000003 1.1640653164333643
23.55 1.1641293888271702
23.650000000000002 1.1500497168113277
23.75 1.1328137910682403
23.85 1.1362210553522047
23.950000000000003 1.1238923467278557
24.05 1.0978992121928415
24.150000000000002 1.1006272994912691
24.25 1.0887978994700422
24.35 1.0765796147834328
24.450000000000003 1.0721179832954661
24.55 1.0633741580957357
24.650000000000002 1.0520739467581797
24.75 1.0404296325288147
24.85 1.0326183376700753
24.950000000000003 1.0282601612707762
25.05 1.0223264719453287

