0.05 0.0
0.15000000000000002 0.0
0.25 0.0
0.35000000000000003 0.0
0.45 0.0
0.55 0.0
0.65 0.0
0.75 0.0
0.8500000000000001 0.0
0.9500000000000001 0.0
1.05 0.0
1.1500000000000001 0.0
1.25 0.0
1.35 0.0
1.4500000000000002 0.0
1.55 0.0
1.6500000000000001 0.0
1.75 0.0
1.85 0.0
1.9500000000000002 0.0
2.0500000000000003 0.0
2.15 0.0
2.25 0.0
2.35 0.0
2.45 0.0
2.5500000000000003 0.0
2.6500000000000004 0.0
2.75 0.0
2.85 0.0
2.95 0.0
3.0500000000000003 0.0028276427099567375
3.1500000000000004 0.039700590068981835
3.25 0.16000164782058665
3.35 0.49471608321829363
3.45 1.1404945447420078
3.5500000000000003 1.954828668725077
3.6500000000000004 3.022033095805776
3.75 3.958349070499893
3.85 4.870405511649228
3.95 5.754135760434962
4.05 6.169629314136235
4.15 6.618849065631803
4.25 7.253982704956124
4.3500000000000005 7.784740943641394
4.45 8.43039101967795
4.55 9.156089748650537
4.65 9.749542076929345
4.75 10.435976710771465
4.8500000000000005 10.849957573364291
4.95 11.248866747430343
5.050000000000001 11.435815556201339
5.15 11.388551238696216
5.25 11.453976581470043
5.3500000000000005 11.410264348491674
5.45 11.087025357105617
5.550000000000001 10.878750726232756
5.65 10.86794643673961
5.75 10.732651309322872
5.8500000000000005 10.561152349752602
5.95 10.602813400994947
6.050000000000001 10.305864541906788
6.15 10.325401501307178
6.25 10.172947627992004
6.3500000000000005 10.123575226504748
6.45 10.008287939187692
6.550000000000001 9.897482470928448
6.65 9.832883936211285
6.75 9.742790890894423
6.8500000000000005 9.637406849948588
6.95 9.550285641370378
7.050000000000001 9.348655450701745
7.15 9.3535471601067
7.25 9.247132821120031
7.3500000000000005 9.165419720590512
7.45 8.95649195527247
7.550000000000001 8.88435863348037
7.65 8.789001541859253
7.75 8.7589577496665
7.8500000000000005 8.713818649472774
7.95 8.60492714313954
8.05 8.568235314159098
8.15 8.526227416265563
8.25 8.504777611100488
8.35 8.439087784569063
8.450000000000001 8.319469193154312
8.55 8.350974316740231
8.65 8.304212398941601
8.75 8.232300374269672
8.85 8.175183851775719
8.950000000000001 8.166019761834598
9.05 8.159553556248524
9.15 8.105352112659428
9.25 8.118108350341243
9.35 8.046657437065816
9.450000000000001 7.948656270248239
9.55 8.026269745323306
9.65 7.977623999412776
9.75 7.967957593962901
9.850000000000001 7.920631103010756
9.950000000000001 7.960252095144607
10.05 7.9825268432205885
10.15 8.061568966761836
10.25 8.098513631360158
10.350000000000001 8.167478780736632
10.450000000000001 8.26030724696041
10.55 8.373360737901583
10.65 8.499513854012042
10.75 8.685951286332358
10.850000000000001 8.783153697240312
10.950000000000001 9.058767413233511
11.05 9.098311378356009
11.15 9.198264852891278
11.25 9.25834856978855
11.350000000000001 9.220101054978675
11.450000000000001 9.170112498680432
11.55 9.099782520935367
11.65 8.966382289482482
11.75 8.870653062769971
11.850000000000001 8.760695604752597
11.950000000000001 8.664956624163722
12.05 8.486572156011254
12.15 8.239086876941254
12.25 7.999846291136036
12.350000000000001 7.708071198410792
12.450000000000001 7.436068055815471
12.55 7.182624716792946
12.65 6.877137107795863
12.75 6.682807744109071
12.850000000000001 6.423476814597598
12.950000000000001 6.1855677002772165
13.05 6.011667457850758
13.15 5.826095193869074
13.25 5.626561553038998
13.350000000000001 5.400241733762879
13.450000000000001 5.275226670520951
13.55 5.081044546455849
13.65 4.923320772232986
13.75 4.795937467404746
13.850000000000001 4.674823025247905
13.950000000000001 4.534492787712828
14.05 4.420663629928783
14.15 4.333189087069971
14.25 4.251414409316276
14.350000000000001 4.192610890924234
14.450000000000001 4.102609968621507
14.55 4.006631238604595
14.65 3.9189227268447673
14.75 3.8412212711648714
14.850000000000001 3.764158123011521
14.950000000000001 3.6597104922228985
15.05 3.5887454190219743
15.15 3.5217222622637503
15.25 3.4289062242005097
15.350000000000001 3.3473970663592025
15.450000000000001 3.275892036158252
15.55 3.183709845318317
15.65 3.1214555692655765
15.75 3.09296786810741
15.850000000000001 3.026306036049955
15.950000000000001 2.98599316197904
16.05 2.921220667722907
16.150000000000002 2.892412073730307
16.25 2.8361169600945586
16.35 2.7850299687134057
16.45 2.7399454627642132
16.55 2.7147953626054084
16.650000000000002 2.6627057598968307
16.75 2.615548186271561
16.85 2.5796234211367937
16.95 2.528749608770619
17.05 2.4821935073966226
17.150000000000002 2.4551145265668564
17.25 2.4081468654142477
17.35 2.369928785362469
17.45 2.314146738970574
17.55 2.2765890381473306
17.650000000000002 2.2458284666134603
17.75 2.218113818955988
17.85 2.1877578639571245
17.95 2.1601446545057326
18.05 2.1308792438718362
18.150000000000002 2.08777990974059
18.25 2.0587604055277486
18.35 2.0447382684560598
18.45 2.027824486464188
18.55 1.9870427964937143
18.650000000000002 1.9726668785685157
18.75 1.9504491571101552
18.85 1.91426470095059
18.95 1.8932227206513494
19.05 1.867485940628156
19.150000000000002 1.8374297702683153
19.25 1.8116787575094748
19.35 1.7973190011871618
19.450000000000003 1.7683964359300912
19.55 1.743062286112438
19.650000000000002 1.7257401864687874
19.75 1.7044329894493278
19.85 1.6803727455465058
19.950000000000003 1.66766697623148
20.05 1.650273918028772
20.150000000000002 1.6209449292831062
20.25 1.6107486433780636
20.35 1.5888152487422857
20.450000000000003 1.5747053233245858
20.55 1.5459620842352824
20.650000000000002 1.5462773647660117
20.75 1.523544560466086
20.85 1.5133891379195168
20.950000000000003 1.499329905208369
21.05 1.4790316261244794
21.150000000000002 1.4609679251683017
21.25 1.4421946543528725
21.35 1.4220999611724727
21.450000000000003 1.4125348916020195
21.55 1.3985356555880608
21.650000000000002 1.3772387334802974
21.75 1.3675729213344616
21.85 1.3572424666214182
21.950000000000003 1.3448456862615927
22.05 1.3329184717946232
22.150000000000002 1.3123600923565524
22.25 1.2983044195597915
22.35 1.2919947808474066
22.450000000000003 1.2747120219251125
22.55 1.2672611002351006
22.650000000000002 1.2580755320733412
22.75 1.240255931085085
22.85 1.2327332740900365
22.950000000000003 1.2263076972860651
23.05 1.20228816606754
23.150000000000002 1.1982032626471153
23.25 1.1849713625764702
23.35 1.1800172335385495
23.450000000000003 1.1625610906566615
23.55 1.1550746992759056
23.650000000000002 1.1395710271708748
23.75 1.1404808166669895
23.85 1.1231790195057727
23.950000000000003 1.1129923382048412
24.05 1.106535126496258
24.150000000000002 1.0949102069637502
24.25 1.0856074138678091
24.35 1.0732235150457035
24.450000000000003 1.0741204724698017
24.55 1.0604586185109006
24.650000000000002 1.0465325783903612
24.75 1.0452323531982568
24.85 1.037213058103252
24.950000000000003 1.0268327378800268
25.05 1.01996994930562

