0.05 0.0
0.15000000000000002 0.0
0.25 0.0
0.35000000000000003 0.0
0.45 0.0
0.55 0.0
0.65 0.0
0.75 0.0
0.8500000000000001 0.0
0.9500000000000001 0.0
1.05 0.0
1.1500000000000001 0.0
1.25 0.0
1.35 0.0
1.4500000000000002 0.0
1.55 0.0
1.6500000000000001 0.0
1.75 0.0
1.85 0.0
1.9500000000000002 0.0
2.0500000000000003 0.0
2.15 0.0
2.25 0.0
2.35 0.0
2.45 0.0
2.5500000000000003 0.0
2.6500000000000004 0.0
2.75 0.0
2.85 0.0
2.95 0.0
3.0500000000000003 0.0
3.1500000000000004 0.005827768219935359
3.25 0.033953209352954754
3.35 0.10802477256242901
3.45 0.30312724168049754
3.5500000000000003 0.5986424713881408
3.6500000000000004 1.0066713256056607
3.75 1.4107352787412364
3.85 1.7263980041908624
3.95 1.9546034069416036
4.05 2.0666068566072764
4.15 2.265065571828879
4.25 2.3679096457401028
4.3500000000000005 2.510069166721448
4.45 2.6569268785688145
4.55 2.8134856220457225
4.65 2.932425617156601
4.75 3.070537313303738
4.8500000000000005 3.177067092087149
4.95 3.234965529711681
5.050000000000001 3.2600342161858165
5.15 3.2332447257661037
5.25 3.1891819419809333
5.3500000000000005 3.1572060060668896
5.45 3.1010895962785807
5.550000000000001 3.067013007542484
5.65 3.0446505724452755
5.75 3.0302189635345753
5.8500000000000005 3.0159785883890358
5.95 3.0076948839189783
6.050000000000001 3.0110864722471145
6.15 2.9577169326850172
6.25 2.9787977063770477
6.3500000000000005 2.934360037671481
6.45 2.9098718580648884
6.550000000000001 2.9206805450892954
6.65 2.8816539486425676
6.75 2.893172397748892
6.8500000000000005 2.850961130343754
6.95 2.846931844702746
7.050000000000001 2.811860891895137
7.15 2.8151004482090483
7.25 2.8065798132140847
7.3500000000000005 2.8027929685255293
7.45 2.807569558993407
7.550000000000001 2.83736779679506
7.65 2.885979658402465
7.75 2.9377150123040208
7.8500000000000005 2.9588961776887928
7.95 3.008797012196707
8.05 3.115819925850901
8.15 3.138485275415737
8.25 3.2267005252112644
8.35 3.248863888278557
8.450000000000001 3.2830731870296224
8.55 3.3021819035576923
8.65 3.3261012029611603
8.75 3.3501543742389863
8.85 3.35171386932824
8.950000000000001 3.370468207194772
9.05 3.3732215655841955
9.15 3.387908363042397
9.25 3.399820294211295
9.35 3.4149548268939407
9.450000000000001 3.431311173195582
9.55 3.44292687926771
9.65 3.434494161964165
9.75 3.4509272242855555
9.850000000000001 3.4569227575025834
9.950000000000001 3.4663762828211677
10.05 3.4848339838804314
10.15 3.495938308000171
10.25 3.5350676551133207
10.350000000000001 3.5679874852125426
10.450000000000001 3.6071727596152523
10.55 3.6551627621813068
10.65 3.6866744936270552
10.75 3.751184651167535
10.850000000000001 3.800790282106456
10.950000000000001 3.854601243421895
11.05 3.9084542297729135
11.15 3.9422731179986155
11.25 3.94362664470342
11.350000000000001 3.9165650075334333
11.450000000000001 3.8752655851530595
11.55 3.8437371532744855
11.65 3.813290871387682
11.75 3.7750031447633363
11.850000000000001 3.7322799817665016
11.950000000000001 3.7050031055949084
12.05 3.628897931576334
12.15 3.578673113489387
12.25 3.511330937702948
12.350000000000001 3.4460158570846477
12.450000000000001 3.3779441812960385
12.55 3.326436295205169
12.65 3.2597822028176053
12.75 3.217561586545813
12.850000000000001 3.169593265434251
12.950000000000001 3.1263082775293425
13.05 3.079903965378354
13.15 3.0299292786066685
13.25 2.9776404937891874
13.350000000000001 2.933897198899134
13.450000000000001 2.895457326868378
13.55 2.848098967106169
13.65 2.811859743813638
13.75 2.788303942494649
13.850000000000001 2.7592360952965382
13.950000000000001 2.7398979893663795
14.05 2.7265135043750255
14.15 2.717171309007575
14.25 2.712108771351518
14.350000000000001 2.7083082239886287
14.450000000000001 2.6967250590583274
14.55 2.6955891532656358
14.65 2.681267358469104
14.75 2.675305475023151
14.850000000000001 2.6540580685657145
14.950000000000001 2.6440669374519357
15.05 2.6191944883701543
15.15 2.6012023012824232
15.25 2.5790029235595737
15.350000000000001 2.5508617017673862
15.450000000000001 2.524469187688731
15.55 2.500797461738659
15.65 2.4685939817860576
15.75 2.457261366775089
15.850000000000001 2.4302665465073985
15.950000000000001 2.39171257326426
16.05 2.362029745518328
16.150000000000002 2.3343804913565567
16.25 2.2945195609386726
16.35 2.259837083291844
16.45 2.2303910815868173
16.55 2.2008216119254063
16.650000000000002 2.1557581000368815
16.75 2.124221244320637
16.85 2.082012055657131
16.95 2.0436751783360716
17.05 2.0007177208495754
17.150000000000002 1.9729686216453755
17.25 1.929511120067963
17.35 1.894289986909294
17.45 1.8704829362340154
17.55 1.8466712305819113
17.650000000000002 1.816368410166575
17.75 1.7900524276411396
17.85 1.7709765751671196
17.95 1.7385400752352809
18.05 1.7221080189129883
18.150000000000002 1.693032200064543
18.25 1.6683030314876717
18.35 1.6509430343111269
18.45 1.626595592842128
18.55 1.6013312285403338
18.650000000000002 1.5910093274532833
18.75 1.5709268708342885
18.85 1.5416482501513709
18.95 1.525534358125173
19.05 1.5091987491875554
19.150000000000002 1.486698587013904
19.25 1.4666929131188473
19.35 1.4459846039551134
19.450000000000003 1.4312804738698661
19.55 1.4109126289271152
19.650000000000002 1.3909346314140836
19.75 1.3752112760506994
19.85 1.3618940408842812
19.950000000000003 1.3460536256417195
20.05 1.3267404055629572
20.150000000000002 1.3088957228623121
20.25 1.2950500305569126
20.35 1.2774967907495316
20.450000000000003 1.2631307794274453
20.55 1.2415517902237871
20.650000000000002 1.2269774832072442
20.75 1.2148835147105244
20.85 1.19408333052046
20.950000000000003 1.1774694821640133
21.05 1.1636413043351759
21.150000000000002 1.1490586868937942
21.25 1.1358412901801376
21.35 1.1216511263868687
21.450000000000003 1.1045394556427042
21.55 1.0907915670431212
21.650000000000002 1.0787939033814362
21.75 1.0657920194341848
21.85 1.0513941878745177
21.950000000000003 1.0366650828260238
22.05 1.0269538977596622
22.150000000000002 1.0167952509377678
22.25 0.9996121302587256
22.35 0.9929627166660167
22.450000000000003 0.9827417279087141
22.55 0.9737527964876928
22.650000000000002 0.9588465978113533
22.75 0.9484060469249349
22.85 0.9417547846040412
22.950000000000003 0.9253637362798592
23.05 0.9172070707682847
23.150000000000002 0.9079353356007328
23.25 0.8966840478155095
23.35 0.887508149599724
23.450000000000003 0.8788060691286259
23.55 0.8716756865684148
23.650000000000002 0.8606960108582689
23.75 0.8533328714548988
23.85 0.84583502641488
23.950000000000003 0.8375623949380817
24.05 0.8261674406394628
24.150000000000002 0.8207573847607533
24.25 0.8109166585947319
24.35 0.804140415001665
24.450000000000003 0.7932783076080369
24.55 0.7884858417918996
24.650000000000002 0.7822924008916693
24.75 0.7729525964270147
24.85 0.7679963966044258
24.950000000000003 0.7590793457128351
25.05 0.7564541164699493

