0.05 0.0
0.15000000000000002 0.0
0.25 0.0
0.35000000000000003 0.0
0.45 0.0
0.55 0.0
0.65 0.0
0.75 0.0
0.8500000000000001 0.0
0.9500000000000001 0.0
1.05 0.0
1.1500000000000001 0.0
1.25 0.0
1.35 0.0
1.4500000000000002 0.0
1.55 0.0
1.6500000000000001 0.0
1.75 0.0
1.85 0.0
1.9500000000000002 0.0
2.0500000000000003 0.0
2.15 0.0
2.25 0.0
2.35 0.0
2.45 0.0
2.5500000000000003 0.0
2.6500000000000004 0.0
2.75 0.0
2.85 0.0
2.95 0.0
3.0500000000000003 0.00020690889400270455
3.1500000000000004 0.0031067276353397917
3.25 0.021527532106809747
3.35 0.08243864655371484
3.45 0.24631225258950318
3.5500000000000003 0.5477097433342792
3.6500000000000004 0.9881442277362442
3.75 1.469950457325254
3.85 1.859045319942368
3.95 2.0919697967143356
4.05 2.2482209849156907
4.15 2.3292387023635768
4.25 2.368620019167399
4.3500000000000005 2.453695965765409
4.45 2.521342767898692
4.55 2.5778206353578295
4.65 2.6415733166233433
4.75 2.74458305075048
4.8500000000000005 2.806025341120429
4.95 2.8826524008136047
5.050000000000001 2.886842846768471
5.15 2.9047748603233234
5.25 2.90850584466038
5.3500000000000005 2.893769354177329
5.45 2.8684893468331243
5.550000000000001 2.8533166880745187
5.65 2.8309079336597667
5.75 2.84855756756317
5.8500000000000005 2.8617220576821656
5.95 2.86715536289972
6.050000000000001 2.885895670848643
6.15 2.8810851212654396
6.25 2.8655974094395242
6.3500000000000005 2.8380433835385657
6.45 2.8256688970156696
6.550000000000001 2.8067504732072264
6.65 2.8213274678607903
6.75 2.8014749787406235
6.8500000000000005 2.786132184946931
6.95 2.770406077392662
7.050000000000001 2.76008320129336
7.15 2.744496421724199
7.25 2.747459320520722
7.3500000000000005 2.7526568554944126
7.45 2.7360891954890953
7.550000000000001 2.7225096927559407
7.65 2.7712057110244417
7.75 2.794395843896646
7.8500000000000005 2.832110897924818
7.95 2.8854307853107217
8.05 2.950407009751773
8.15 3.0082209528099395
8.25 3.052518453899155
8.35 3.0899971314476673
8.450000000000001 3.132312236362498
8.55 3.156890643779732
8.65 3.191315501277754
8.75 3.2036039883553
8.85 3.2057438894746553
8.950000000000001 3.231260943301472
9.05 3.2523384095581434
9.15 3.2778951623725447
9.25 3.292488724247235
9.35 3.3237952836564744
9.450000000000001 3.3595619472164078
9.55 3.359144595182701
9.65 3.3633852526112373
9.75 3.3678568851787962
9.850000000000001 3.365973682179225
9.950000000000001 3.3676876060231757
10.05 3.383585163250752
10.15 3.405093018495421
10.25 3.4265681624927797
10.350000000000001 3.4840432408402644
10.450000000000001 3.5384377722369886
10.55 3.5761952912108024
10.65 3.623233056508061
10.75 3.6823255819216993
10.850000000000001 3.766930099016538
10.950000000000001 3.8100507445855984
11.05 3.8838924921476354
11.15 3.892256220815232
11.25 3.9116668264137466
11.350000000000001 3.8735610612646085
11.450000000000001 3.8246228288547965
11.55 3.770738218470902
11.65 3.704344314963251
11.75 3.6567808399446133
11.850000000000001 3.6025298290051224
11.950000000000001 3.5441896084084474
12.05 3.491707138083676
12.15 3.428277664988513
12.25 3.3661456035375243
12.350000000000001 3.3222502739360444
12.450000000000001 3.288959662397812
12.55 3.2448637249011067
12.65 3.2280412165834234
12.75 3.1937922546857447
12.850000000000001 3.174809668451164
12.950000000000001 3.1403664103258997
13.05 3.106964911335106
13.15 3.0813130081792828
13.25 3.039603327556227
13.350000000000001 2.9999609843303645
13.450000000000001 2.954853232897903
13.55 2.9043058365434016
13.65 2.8583059721236213
13.75 2.8132956187885623
13.850000000000001 2.7689595603394324
13.950000000000001 2.7450580340776507
14.05 2.71881677958374
14.15 2.704688134495154
14.25 2.6815983460762842
14.350000000000001 2.675094753297241
14.450000000000001 2.6640225969327536
14.55 2.662576080597927
14.65 2.646204988592382
14.75 2.636921748143139
14.850000000000001 2.639936737023832
14.950000000000001 2.62602561517953
15.05 2.619735419043134
15.15 2.5992970280543526
15.25 2.574489141281733
15.350000000000001 2.5571380118919547
15.450000000000001 2.525676950651609
15.55 2.496590376953162
15.65 2.465699552512165
15.75 2.4358965107424817
15.850000000000001 2.4035947229887547
15.950000000000001 2.3809060832147066
16.05 2.3474646285742824
16.150000000000002 2.3228989651615795
16.25 2.293563088717269
16.35 2.2651379141310457
16.45 2.232117896868868
16.55 2.2075345991544224
16.650000000000002 2.17184003455789
16.75 2.1398931991731294
16.85 2.1056213058104154
16.95 2.0722944497796356
17.05 2.0421952420587117
17.150000000000002 1.9927459236846505
17.25 1.9629895373285415
17.35 1.9337967951382127
17.45 1.8960322525873916
17.55 1.8708563406763283
17.650000000000002 1.836279849923411
17.75 1.8117056122728512
17.85 1.781738244694906
17.95 1.7544391982918712
18.05 1.727952484023421
18.150000000000002 1.6941086435550272
18.25 1.6761153542491476
18.35 1.6530780269984824
18.45 1.6358371302516357
18.55 1.6102854563741227
18.650000000000002 1.5938865554099098
18.75 1.5785916861417815
18.85 1.5611271911706215
18.95 1.5383067414160747
19.05 1.5184912351624253
19.150000000000002 1.5028821630512288
19.25 1.473743883267746
19.35 1.4627947236061514
19.450000000000003 1.440152051029584
19.55 1.4189101827548904
19.650000000000002 1.4051191387171313
19.75 1.3906410094363966
19.85 1.3719344987883477
19.950000000000003 1.3551531830837147
20.05 1.3415541290608939
20.150000000000002 1.323698823206467
20.25 1.306043924288895
20.35 1.2867967559431297
20.450000000000003 1.2720703117234569
20.55 1.2532587410405966
20.650000000000002 1.239592896209598
20.75 1.2265403164467203
20.85 1.2101164152314525
20.950000000000003 1.1967510361026845
21.05 1.1812831111870983
21.150000000000002 1.1664403752573185
21.25 1.1510868229954747
21.35 1.1368842871086169
21.450000000000003 1.1219328510757376
21.55 1.1051956919534764
21.650000000000002 1.0915995960700897
21.75 1.0835661248124966
21.85 1.0632103622953861
21.950000000000003 1.0553264720820954
22.05 1.0404378478849596
22.150000000000002 1.0243317095939615
22.25 1.0162509805532614
22.35 1.0082758436093073
22.450000000000003 0.9948210421759349
22.55 0.9862610567617212
22.650000000000002 0.9746581548877876
22.75 0.9625468189252141
22.85 0.9502553941157692
22.950000000000003 0.9417883507275785
23.05 0.9297209813205823
23.150000000000002 0.9222509211062447
23.25 0.911033220261908
23.35 0.8986852419000512
23.450000000000003 0.8927839757155497
23.55 0.8812281997912761
23.650000000000002 0.8715891356578461
23.75 0.8645239698286188
23.85 0.8574257610380198
23.950000000000003 0.8446439042694025
24.05 0.8389810606086737
24.150000000000002 0.8280447797842544
24.25 0.8195764900709583
24.35 0.8090400485789185
24.450000000000003 0.8040578303864023
24.55 0.7915094103699002
24.650000000000002 0.7898851882438701
24.75 0.781763152959238
24.85 0.7748627099303181
24.950000000000003 0.7695729153726739
25.05 0.7596024904973835

