0.05 0.0
0.15000000000000002 0.0
0.25 0.0
0.35000000000000003 0.0
0.45 0.0
0.55 0.0
0.65 0.0
0.75 0.0
0.8500000000000001 0.0
0.9500000000000001 0.0
1.05 0.0
1.1500000000000001 0.0
1.25 0.0
1.35 0.0
1.4500000000000002 0.0
1.55 0.0
1.6500000000000001 0.0
1.75 0.0
1.85 0.0
1.9500000000000002 0.0
2.0500000000000003 0.0
2.15 0.0
2.25 0.0
2.35 0.0
2.45 0.0
2.5500000000000003 0.0
2.6500000000000004 0.0
2.75 0.0
2.85 0.0
2.95 0.0006648720567743681
3.0500000000000003 0.0004148864974594843
3.1500000000000004 0.0052454238650605
3.25 0.026456328636672948
3.35 0.09344284582490851
3.45 0.2495475799288013
3.5500000000000003 0.5004049293598646
3.6500000000000004 0.7965897322386386
3.75 1.0911293911033544
3.85 1.325041347952601
3.95 1.4532991064571252
4.05 1.5651406846301315
4.15 1.5640119449242664
4.25 1.5774566636955982
4.3500000000000005 1.6138768179450091
4.45 1.659410915280632
4.55 1.6876377484071923
4.65 1.7271959460635566
4.75 1.7812304332774154
4.8500000000000005 1.8143198303816708
4.95 1.8235894066291307
5.050000000000001 1.8186122209085103
5.15 1.8208013341933376
5.25 1.8057441167967136
5.3500000000000005 1.769877076539088
5.45 1.7524723394475075
5.550000000000001 1.7404822193724394
5.65 1.7248956047721637
5.75 1.7165727947455354
5.8500000000000005 1.7164640208997979
5.95 1.7006990465183252
6.050000000000001 1.7016490971483216
6.15 1.6931097277679703
6.25 1.6720529485865183
6.3500000000000005 1.6693236386965635
6.45 1.636565089220546
6.550000000000001 1.6471668855153434
6.65 1.6246828182807076
6.75 1.6123009917518387
6.8500000000000005 1.6249158769561356
6.95 1.6387643503933569
7.050000000000001 1.617286826445384
7.15 1.6075873614171952
7.25 1.6039649951890067
7.3500000000000005 1.585619106318627
7.45 1.5863300264778561
7.550000000000001 1.5751607257634912
7.65 1.5728252099518918
7.75 1.5768146713707534
7.8500000000000005 1.5991760147118996
7.95 1.6171650984748207
8.05 1.6200910475277324
8.15 1.6518875194234974
8.25 1.6710992009825902
8.35 1.6897203916852095
8.450000000000001 1.7004140458407182
8.55 1.6976080106241513
8.65 1.7079974565713159
8.75 1.7190528519571362
8.85 1.7166167370316312
8.950000000000001 1.7138823994617904
9.05 1.731934715984868
9.15 1.7469857777649087
9.25 1.7596929635233478
9.35 1.7660331014650532
9.450000000000001 1.794181120249334
9.55 1.7922924237069635
9.65 1.8012993604536076
9.75 1.8055387948944088
9.850000000000001 1.8050267782759444
9.950000000000001 1.8076298684240342
10.05 1.8195627121052251
10.15 1.8452133426909438
10.25 1.8676994727809586
10.350000000000001 1.895729423450965
10.450000000000001 1.9473278905559326
10.55 1.9729863034329613
10.65 2.026656208943823
10.75 2.0625647129723528
10.850000000000001 2.113042533211988
10.950000000000001 2.1614397215398986
11.05 2.1963578288788717
11.15 2.206592789289501
11.25 2.2102086102648317
11.350000000000001 2.185544983672127
11.450000000000001 2.1587834129281265
11.55 2.1269250292551733
11.65 2.0996766450432465
11.75 2.056267780367924
11.850000000000001 2.042248677009503
11.950000000000001 2.0127474057481187
12.05 1.9752991509974573
12.15 1.9448728367322468
12.25 1.9178770225586887
12.350000000000001 1.9080342038907347
12.450000000000001 1.8803731943822286
12.55 1.8679987594080836
12.65 1.8620105797621638
12.75 1.855824875346309
12.850000000000001 1.8610689873938995
12.950000000000001 1.8502222928782306
13.05 1.8443774862673648
13.15 1.8365269702679285
13.25 1.825002505250264
13.350000000000001 1.8148313391647073
13.450000000000001 1.8087311389945038
13.55 1.8001959348138832
13.65 1.7897441720572853
13.75 1.7819368751682363
13.850000000000001 1.783086368557244
13.950000000000001 1.7761504099693814
14.05 1.7793862046053683
14.15 1.7683166024454797
14.25 1.7787593991374613
14.350000000000001 1.8004463268474649
14.450000000000001 1.798407588515384
14.55 1.790453418201343
14.65 1.8061435992200516
14.75 1.8209919820529052
14.850000000000001 1.8269911827454766
14.950000000000001 1.8302565680931986
15.05 1.8351560992855112
15.15 1.8325692900850257
15.25 1.8323729046525221
15.350000000000001 1.8289265214196229
15.450000000000001 1.8262240524243634
15.55 1.8132000851914365
15.65 1.8139331225711584
15.75 1.8158202791062754
15.850000000000001 1.8060078465827625
15.950000000000001 1.8012705712231618
16.05 1.792707037027178
16.150000000000002 1.7921103254867052
16.25 1.7901968796052985
16.35 1.7795497491842114
16.45 1.7807676973243747
16.55 1.7796617610223104
16.650000000000002 1.7743200000519201
16.75 1.7600529850968591
16.85 1.756459018749191
16.95 1.7430144834231909
17.05 1.74317962017061
17.150000000000002 1.739031285239961
17.25 1.728514815530184
17.35 1.7104241389003454
17.45 1.7069739783509388
17.55 1.7001408692073758
17.650000000000002 1.6940481034153063
17.75 1.6842011183603427
17.85 1.6712305410340236
17.95 1.6601091512786337
18.05 1.6558950257660492
18.150000000000002 1.6540833961078598
18.25 1.6369689483215726
18.35 1.6314627157104034
18.45 1.629780427431033
18.55 1.6278542851392042
18.650000000000002 1.6178965852230112
18.75 1.605976563842377
18.85 1.6084828192798861
18.95 1.5988488142934214
19.05 1.588863992488956
19.150000000000002 1.5825087058649276
19.25 1.5742215281520473
19.35 1.566654020097126
19.450000000000003 1.5575731473030747
19.55 1.5522067913205417
19.650000000000002 1.5426842820518667
19.75 1.5340519544583995
19.85 1.5280697365644555
19.950000000000003 1.5211883576139402
20.05 1.5081417034031344
20.150000000000002 1.5007329036103867
20.25 1.4928191497205898
20.35 1.4834046808273091
20.450000000000003 1.472970026792514
20.55 1.461673091073915
20.650000000000002 1.4555133965361262
20.75 1.4445656245377008
20.85 1.438097240171545
20.950000000000003 1.4331522063491786
21.05 1.4158111618306166
21.150000000000002 1.4112187292321732
21.25 1.3986104259828407
21.35 1.3870299953698002
21.450000000000003 1.3818747669554008
21.55 1.370774554560792
21.650000000000002 1.3600791654100004
21.75 1.3457488878511765
21.85 1.3360505329818309
21.950000000000003 1.322827165415328
22.05 1.307635711827183
22.150000000000002 1.3001337096976344
22.25 1.2904790030664763
22.35 1.2826372201180989
22.450000000000003 1.2696438234182623
22.55 1.257478671419257
22.650000000000002 1.2496316072766402
22.75 1.2328084077423733
22.85 1.2231709508976898
22.950000000000003 1.2129115116307858
23.05 1.2017585481537574
23.150000000000002 1.1870442807868684
23.25 1.1820808957679918
23.35 1.1696763345358403
23.450000000000003 1.1586280703941996
23.55 1.1483433683204374
23.650000000000002 1.1369340111182882
23.75 1.1272895268349967
23.85 1.1137993473977836
23.950000000000003 1.1101938084636025
24.05 1.0940322156075974
24.150000000000002 1.0831099927751573
24.25 1.0750870372821917
24.35 1.0632539381272206
24.450000000000003 1.0509508567593233
24.55 1.0434435996450928
24.650000000000002 1.0330298234537805
24.75 1.02232532140219
24.85 1.0086747328911219
24.950000000000003 1.007888209036338
25.05 0.9940106281477573

