0.05 0.0
0.15000000000000002 0.0
0.25 0.0
0.35000000000000003 0.0
0.45 0.0
0.55 0.0
0.65 0.0
0.75 0.0
0.8500000000000001 0.0
0.9500000000000001 0.0
1.05 0.0
1.1500000000000001 0.0
1.25 0.0
1.35 0.0
1.4500000000000002 0.0
1.55 0.0
1.6500000000000001 0.0
1.75 0.0
1.85 0.0
1.9500000000000002 0.0
2.0500000000000003 0.0
2.15 0.0
2.25 0.0
2.35 0.0
2.45 0.0
2.5500000000000003 0.0
2.6500000000000004 0.0
2.75 0.0
2.85 0.00023622961743992828
2.95 0.00044197444255739555
3.0500000000000003 0.00020682865868409036
3.1500000000000004 0.002522526268739126
3.25 0.011856951282209718
3.35 0.036237411932712404
3.45 0.12858511553558194
3.5500000000000003 0.2986749597195728
3.6500000000000004 0.533407936301775
3.75 0.8345790635771294
3.85 1.0710744368143665
3.95 1.2710901651432152
4.05 1.4008491670107688
4.15 1.4678242396339214
4.25 1.5627139146422053
4.3500000000000005 1.6474322101292964
4.45 1.7457598577015403
4.55 1.830703138197629
4.65 1.896529160679968
4.75 1.9686257574192545
4.8500000000000005 2.0298442697609973
4.95 2.0432026883724212
5.050000000000001 2.0584373693440665
5.15 2.0352770139008816
5.25 2.0018920000496983
5.3500000000000005 1.9354980542850029
5.45 1.90188894965888
5.550000000000001 1.8631582952726862
5.65 1.8587628730245378
5.75 1.8743428631692607
5.8500000000000005 1.8877993321537403
5.95 1.8822345358307597
6.050000000000001 1.8761845258592378
6.15 1.868059470671937
6.25 1.8735294622250627
6.3500000000000005 1.8481769549015363
6.45 1.851915115935525
6.550000000000001 1.809382621371912
6.65 1.8047249321017695
6.75 1.7764655249021284
6.8500000000000005 1.7620300319866122
6.95 1.7560593467860957
7.050000000000001 1.7415730899273383
7.15 1.7238960197909716
7.25 1.6977466124749792
7.3500000000000005 1.6873969258486339
7.45 1.6786605239191745
7.550000000000001 1.664924108223299
7.65 1.666569417666876
7.75 1.6861118270664959
7.8500000000000005 1.7056875073348257
7.95 1.7300363385422346
8.05 1.7676740838961067
8.15 1.7947347047440596
8.25 1.8267353649158868
8.35 1.846595336430039
8.450000000000001 1.8638507134971882
8.55 1.875177360449709
8.65 1.8823998697753637
8.75 1.879315923555018
8.85 1.8743229328215447
8.950000000000001 1.8670691533836705
9.05 1.8780386485049598
9.15 1.8820832746316785
9.25 1.8963573873216069
9.35 1.906652900261559
9.450000000000001 1.9299776933519739
9.55 1.9335306179530733
9.65 1.9386368632075566
9.75 1.9442797696466263
9.850000000000001 1.9615992895621825
9.950000000000001 1.9735588091171976
10.05 1.9780963253602903
10.15 2.000247238356239
10.25 2.0284839298438913
10.350000000000001 2.055473057653749
10.450000000000001 2.087970970838841
10.55 2.1302183905940235
10.65 2.158491146573139
10.75 2.200786174197007
10.850000000000001 2.238322832688785
10.950000000000001 2.2792502127186722
11.05 2.326571812904089
11.15 2.3582524575440638
11.25 2.3796214810853167
11.350000000000001 2.37263747739705
11.450000000000001 2.3738550375687466
11.55 2.342537012890724
11.65 2.3396361889264234
11.75 2.3163128832034277
11.850000000000001 2.293904377260333
11.950000000000001 2.262104618083646
12.05 2.2300914846728057
12.15 2.1907578100996505
12.25 2.1593566734752736
12.350000000000001 2.130857980517916
12.450000000000001 2.1014724229989787
12.55 2.0887057159929654
12.65 2.056744077341539
12.75 2.052823030359153
12.850000000000001 2.0415289631206512
12.950000000000001 2.022639279751144
13.05 2.006520625908377
13.15 2.0055815170300035
13.25 1.9872102653730297
13.350000000000001 1.9677306529568361
13.450000000000001 1.956502824140603
13.55 1.9406568199912466
13.65 1.9262374693893651
13.75 1.9270877176908485
13.850000000000001 1.9192337069208991
13.950000000000001 1.9192838997086974
14.05 1.9199677799126573
14.15 1.919670439522636
14.25 1.9253503243453254
14.350000000000001 1.935089332169697
14.450000000000001 1.9376590110083138
14.55 1.9427844951889572
14.65 1.9515293421845228
14.75 1.954160094333044
14.850000000000001 1.953543824803863
14.950000000000001 1.9443587793078125
15.05 1.9515751692774395
15.15 1.9640441175047825
15.25 1.9419414004776234
15.350000000000001 1.9353424171289733
15.450000000000001 1.9339406788234421
15.55 1.9426837321438752
15.65 1.9320307457462373
15.75 1.935414772181685
15.850000000000001 1.92621490221725
15.950000000000001 1.9246536234960836
16.05 1.9146272533880089
16.150000000000002 1.9140972861710406
16.25 1.9076001845735204
16.35 1.9007217947872599
16.45 1.8864913729538704
16.55 1.8843314719346886
16.650000000000002 1.870527847027852
16.75 1.8662818802571324
16.85 1.8472853483696385
16.95 1.8370331309908714
17.05 1.8295666647340572
17.150000000000002 1.8112623364623903
17.25 1.8086556736481196
17.35 1.7945568078936656
17.45 1.7788907245431314
17.55 1.770862639415525
17.650000000000002 1.7560584760341755
17.75 1.7444921348328002
17.85 1.738094717437544
17.95 1.7315286785195967
18.05 1.725168055105147
18.150000000000002 1.714580872423217
18.25 1.7003288073170486
18.35 1.6980800320398952
18.45 1.684898979843897
18.55 1.6808707617766687
18.650000000000002 1.6736600560623351
18.75 1.659974917195409
18.85 1.6433965851238654
18.95 1.641114838125032
19.05 1.6339725693878167
19.150000000000002 1.627910846805389
19.25 1.6145114781335737
19.35 1.6100067925034414
19.450000000000003 1.591453229457269
19.55 1.5849787937606892
19.650000000000002 1.5736976547740222
19.75 1.567998739620882
19.85 1.5534017890790512
19.950000000000003 1.544387188052716
20.05 1.5380386057509159
20.150000000000002 1.5279342984760365
20.25 1.515727463706386
20.35 1.506795121200703
20.450000000000003 1.4920346716209978
20.55 1.479885518086923
20.650000000000002 1.4719829901632073
20.75 1.4547803222806621
20.85 1.4427634585313738
20.950000000000003 1.4285052932535458
21.05 1.4252178958136787
21.150000000000002 1.4066251712636304
21.25 1.3904014594752245
21.35 1.3835368312302494
21.450000000000003 1.3679999275543333
21.55 1.349357016389084
21.650000000000002 1.3390475024524553
21.75 1.3251873763665973
21.85 1.3092887146202956
21.950000000000003 1.3008611870286473
22.05 1.2833660149606205
22.150000000000002 1.2690925290515027
22.25 1.261281381367444
22.35 1.2495085153731962
22.450000000000003 1.2335019778945977
22.55 1.2228481796164035
22.650000000000002 1.2097645556406744
22.75 1.197184339204001
22.85 1.1875530500263396
22.950000000000003 1.1756498944213802
23.05 1.1614650908403665
23.150000000000002 1.1506322731176724
23.25 1.1384550038697157
23.35 1.124667349847125
23.450000000000003 1.1143994189061612
23.55 1.1005309767835998
23.650000000000002 1.091708952002193
23.75 1.0816305609258399
23.85 1.070120730196692
23.950000000000003 1.0570005781535545
24.05 1.0474839534052331
24.150000000000002 1.0335350574519513
24.25 1.0239137216420025
24.35 1.0161491680435375
24.450000000000003 1.004138918725125
24.55 0.992484434638483
24.650000000000002 0.9817621087398425
24.75 0.9737389436367643
24.85 0.9610271955354367
24.950000000000003 0.9545962255171669
25.05 0.9434895187036441

