0.05 0.0
0.15000000000000002 0.0
0.25 0.0
0.35000000000000003 0.0
0.45 0.0
0.55 0.0
0.65 0.0
0.75 0.0
0.8500000000000001 0.0
0.9500000000000001 0.0
1.05 0.0
1.1500000000000001 0.0
1.25 0.0
1.35 0.0
1.4500000000000002 0.0
1.55 0.0
1.6500000000000001 0.0
1.75 0.0
1.85 0.0
1.9500000000000002 0.0
2.0500000000000003 0.0
2.15 0.0
2.25 0.0
2.35 0.0
2.45 0.0
2.5500000000000003 0.0
2.6500000000000004 0.0
2.75 0.0
2.85 0.0
2.95 0.0
3.0500000000000003 0.0
3.1500000000000004 0.0232502543734792
3.25 0.22737378596958938
3.35 0.6999583264099081
3.45 1.459814168767058
3.5500000000000003 2.4342463927614912
3.6500000000000004 3.550946841140339
3.75 4.451649302336612
3.85 5.332649606768534
3.95 6.202836119496016
4.05 6.641031571302113
4.15 7.591430805825858
4.25 8.015808170717897
4.3500000000000005 8.58695931439841
4.45 9.250611624051887
4.55 10.195867563040315
4.65 11.36114765918183
4.75 12.034471791560545
4.8500000000000005 12.573988105304137
4.95 13.310169856578117
5.050000000000001 13.334097476634408
5.15 13.14438743509754
5.25 13.218303068266888
5.3500000000000005 13.671858263769897
5.45 13.484334634021813
5.550000000000001 13.298823800703824
5.65 13.183560062880296
5.75 12.858349341003906
5.8500000000000005 12.907404693855751
5.95 12.54895125759693
6.050000000000001 12.531639445254742
6.15 12.223131168822855
6.25 12.093761491748062
6.3500000000000005 12.179769261607868
6.45 12.255828050055754
6.550000000000001 11.98695864840714
6.65 11.827165391772477
6.75 11.630842926631914
6.8500000000000005 11.551028693291032
6.95 11.281314681797838
7.050000000000001 11.388852133280267
7.15 10.988613189701924
7.25 11.09723080384157
7.3500000000000005 10.899755336734335
7.45 10.743434375326327
7.550000000000001 10.744932623654153
7.65 10.683911511001881
7.75 10.56290305827032
7.8500000000000005 10.458618067912695
7.95 10.525140448866557
8.05 10.609080705574142
8.15 10.36965496777508
8.25 10.284054362577695
8.35 10.2354861873344
8.450000000000001 9.95330816188793
8.55 10.006306612737264
8.65 10.15921035935492
8.75 9.853041176147025
8.85 10.066052198186103
8.950000000000001 9.975838751127878
9.05 9.98655512626386
9.15 9.908876188091517
9.25 9.937157119913072
9.35 9.918475927038568
9.450000000000001 9.810291526909165
9.55 9.722785962804387
9.65 9.725008822072896
9.75 9.752288877001938
9.850000000000001 9.67880430374731
9.950000000000001 9.84000628170865
10.05 9.922459187258173
10.15 9.930919193734438
10.25 10.036422438289081
10.350000000000001 10.105803625600497
10.450000000000001 10.22280560827097
10.55 10.250295157600808
10.65 10.313919634618166
10.75 10.527860785460103
10.850000000000001 10.713902494088964
10.950000000000001 10.91125493858418
11.05 11.052191640548248
11.15 11.29438202057722
11.25 11.294186450000797
11.350000000000001 11.185105255942062
11.450000000000001 11.147274143816027
11.55 11.135609022997885
11.65 11.029318976811503
11.75 10.870081823740101
11.850000000000001 10.856004798097166
11.950000000000001 10.833275741728507
12.05 10.601789727738108
12.15 10.506117405070645
12.25 10.199809282668859
12.350000000000001 9.866924958544255
12.450000000000001 9.448462155871688
12.55 9.223472448087785
12.65 8.863980944671571
12.75 8.400084336370108
12.850000000000001 8.111637848443284
12.950000000000001 7.893508850413471
13.05 7.669044687719079
13.15 7.431589242485187
13.25 7.1771409561409785
13.350000000000001 6.9724063425822305
13.450000000000001 6.735243649637184
13.55 6.6542460616078145
13.65 6.435008344618164
13.75 6.274921825074835
13.850000000000001 6.0755921224016
13.950000000000001 5.9604507089073975
14.05 5.834183552368628
14.15 5.619798102936186
14.25 5.559242079202404
14.350000000000001 5.483958973609595
14.450000000000001 5.406556980867292
14.55 5.2548411094845635
14.65 5.112051742456261
14.75 5.058080751808688
14.850000000000001 4.960499765866478
14.950000000000001 4.829351132390284
15.05 4.708512411310256
15.15 4.689189334657408
15.25 4.558556827330743
15.350000000000001 4.499971576320507
15.450000000000001 4.394713049345302
15.55 4.312496800656133
15.65 4.208554314710477
15.75 4.170918357820841
15.850000000000001 4.101324930328475
15.950000000000001 4.030595223564067
16.05 3.992421452031338
16.150000000000002 3.8929905660521986
16.25 3.8441512300730003
16.35 3.768898153552051
16.45 3.732912076966418
16.55 3.708432908108096
16.650000000000002 3.5768869470976585
16.75 3.5527896060484867
16.85 3.5121383306578293
16.95 3.445714562072381
17.05 3.3524793510095217
17.150000000000002 3.309252523463761
17.25 3.252318151718863
17.35 3.1610089910703905
17.45 3.128022906450389
17.55 3.0884451968383675
17.650000000000002 3.067385319518249
17.75 2.9675409607402257
17.85 2.968866298820277
17.95 2.9219452669858716
18.05 2.867301056476712
18.150000000000002 2.83983542394563
18.25 2.785072305173821
18.35 2.762226093656356
18.45 2.705604553745452
18.55 2.6902011393366907
18.650000000000002 2.618479222078937
18.75 2.6211648903544247
18.85 2.5571845791315324
18.95 2.5376310203929435
19.05 2.4875667774957115
19.150000000000002 2.446818830255192
19.25 2.4129120998294216
19.35 2.381747608670622
19.450000000000003 2.3296322966944576
19.55 2.3469250182453534
19.650000000000002 2.250131918089795
19.75 2.270068819574091
19.85 2.2126275624877545
19.950000000000003 2.2172672669072866
20.05 2.151854704521436
20.150000000000002 2.149331983892631
20.25 2.13539524478059
20.35 2.080068498355739
20.450000000000003 2.0797214288615904
20.55 2.0368346042104064
20.650000000000002 2.0357678245176793
20.75 1.9843208777621832
20.85 1.963024469869098
20.950000000000003 1.9393373562881187
21.05 1.912873895021047
21.150000000000002 1.887159429196257
21.25 1.8670866722896426
21.35 1.8410727924198815
21.450000000000003 1.822886308488253
21.55 1.784431915638804
21.650000000000002 1.7711201223571502
21.75 1.7654924216951409
21.85 1.7391295138954865
21.950000000000003 1.6898698742544005
22.05 1.6981078109954884
22.150000000000002 1.6748918256189056
22.25 1.6313207999564117
22.35 1.6483283688665846
22.450000000000003 1.6283775996783973
22.55 1.592767970534539
22.650000000000002 1.5827435899958755
22.75 1.567220024235386
22.85 1.5256108595217974
22.950000000000003 1.5253115766302257
23.05 1.504314220561266
23.150000000000002 1.4865676355946524
23.25 1.4637382616322498
23.35 1.4504205151792595
23.450000000000003 1.4371371094115457
23.55 1.413607013854387
23.650000000000002 1.4057867421800492
23.75 1.3797958639338492
23.85 1.3748176714118485
23.950000000000003 1.350628161494456
24.05 1.3291599722013314
24.150000000000002 1.326202184981399
24.25 1.3103289545450743
24.35 1.2834708570971771
24.450000000000003 1.2793864858023485
24.55 1.2594103297125123
24.650000000000002 1.2553859448249884
24.75 1.2499133632322108
24.85 1.2169529271169621
24.950000000000003 1.2186941463953929
25.05 1.1822679378273284

