0.05 0.0
0.15000000000000002 0.0
0.25 0.0
0.35000000000000003 0.0
0.45 0.0
0.55 0.0
0.65 0.0
0.75 0.0
0.8500000000000001 0.0
0.9500000000000001 0.0
1.05 0.0
1.1500000000000001 0.0
1.25 0.0
1.35 0.0
1.4500000000000002 0.0
1.55 0.0
1.6500000000000001 0.0
1.75 0.0
1.85 0.0
1.9500000000000002 0.0
2.0500000000000003 0.0
2.15 0.0
2.25 0.0
2.35 0.0
2.45 0.0
2.5500000000000003 0.0
2.6500000000000004 0.0
2.75 0.0
2.85 0.0
2.95 0.0
3.0500000000000003 0.0
3.1500000000000004 0.0
3.25 0.004377582782921719
3.35 0.04111583468344556
3.45 0.2640809203333508
3.5500000000000003 0.7332513208173099
3.6500000000000004 1.3594243230551717
3.75 2.4447191809717363
3.85 3.191898959173879
3.95 3.959033122979638
4.05 4.886955054334705
4.15 5.751536424558277
4.25 7.348626943117875
4.3500000000000005 8.955644157787969
4.45 10.530486788363627
4.55 11.955005914267224
4.65 12.920678881217347
4.75 13.797282571384795
4.8500000000000005 14.150580109512072
4.95 14.002406124191081
5.050000000000001 14.316900863952498
5.15 14.165575993686543
5.25 13.574905406039331
5.3500000000000005 13.586847633407071
5.45 13.384694079238663
5.550000000000001 13.067673153056877
5.65 13.15269992390946
5.75 12.737514398840132
5.8500000000000005 12.37031249811864
5.95 12.393807843208586
6.050000000000001 12.113824900483039
6.15 12.245885071799398
6.25 12.171820920515104
6.3500000000000005 12.075459563421685
6.45 11.851997850860586
6.550000000000001 11.759799305131308
6.65 11.7777266427001
6.75 11.60756922801376
6.8500000000000005 11.294936522199341
6.95 11.306969630823568
7.050000000000001 11.213563871493598
7.15 10.914232366236494
7.25 11.007747534666484
7.3500000000000005 10.587022583593514
7.45 10.630317347701835
7.550000000000001 10.674843945061099
7.65 10.452030370085486
7.75 10.486783816062147
7.8500000000000005 10.327231415610527
7.95 10.28949746415014
8.05 10.192392492768514
8.15 9.97191085667429
8.25 10.280638866046324
8.35 10.159155193082386
8.450000000000001 10.15769549446714
8.55 10.17602653505406
8.65 10.100384882864622
8.75 9.864248256846501
8.85 9.950333914477614
8.950000000000001 9.91558428403877
9.05 9.93242014823515
9.15 9.86143296724116
9.25 9.796871167188746
9.35 9.850714132217691
9.450000000000001 9.639080368050468
9.55 9.680194092206293
9.65 9.750687621418264
9.75 9.56218401640379
9.850000000000001 9.680763786681355
9.950000000000001 9.661989523670837
10.05 9.625854037909846
10.15 9.843952747596447
10.25 9.811419963801553
10.350000000000001 9.84997454227795
10.450000000000001 10.010277421105489
10.55 9.993353167124873
10.65 10.160711593067068
10.75 10.41178321185938
10.850000000000001 10.39310703823845
10.950000000000001 10.65903593975956
11.05 10.714036643109692
11.15 10.862377613527611
11.25 11.146915426639026
11.350000000000001 11.350806708223379
11.450000000000001 11.455214884704588
11.55 11.658788300335113
11.65 11.805933271332773
11.75 11.777787780554071
11.850000000000001 11.83707816531665
11.950000000000001 11.486543088619719
12.05 11.134539426700371
12.15 10.74864137573006
12.25 10.106112690133076
12.350000000000001 9.723065082886546
12.450000000000001 9.403150926947504
12.55 8.812501516226684
12.65 8.528228323123363
12.75 8.284173727344212
12.850000000000001 7.987651884407771
12.950000000000001 7.702328378942725
13.05 7.436769106567517
13.15 7.235534672615375
13.25 7.068160555096011
13.350000000000001 6.791398351091648
13.450000000000001 6.517564908545699
13.55 6.465963021901976
13.65 6.25490408424056
13.75 6.143550464644971
13.850000000000001 5.933240000874284
13.950000000000001 5.84317087047164
14.05 5.748648639525153
14.15 5.642782613094885
14.25 5.563691364257132
14.350000000000001 5.396960037614279
14.450000000000001 5.30341514196718
14.55 5.2366308700905275
14.65 5.091018136357317
14.75 4.975442786669185
14.850000000000001 4.876475064001851
14.950000000000001 4.797149770146666
15.05 4.731997011528088
15.15 4.612410259698067
15.25 4.562897173390173
15.350000000000001 4.40899815591651
15.450000000000001 4.378762010185276
15.55 4.277707239644467
15.65 4.199073669012302
15.75 4.1440170713453615
15.850000000000001 4.050909647908615
15.950000000000001 4.042219109645927
16.05 3.9051146895400586
16.150000000000002 3.878822001274925
16.25 3.797404105200666
16.35 3.725771702331963
16.45 3.712860696295995
16.55 3.610995176261764
16.650000000000002 3.5246034281062775
16.75 3.481616262089358
16.85 3.4213350372494817
16.95 3.3304896116741745
17.05 3.3174610713153805
17.150000000000002 3.2687170737866342
17.25 3.2094882400775386
17.35 3.178180713233974
17.45 3.0345664324988397
17.55 3.0321878277321628
17.650000000000002 2.952034710837861
17.75 2.9275895629104434
17.85 2.920026933557487
17.95 2.8614460881993575
18.05 2.830752187523467
18.150000000000002 2.793350342926084
18.25 2.7190793302923577
18.35 2.686372533426794
18.45 2.6269007538973805
18.55 2.5883259945626276
18.650000000000002 2.5785847439829195
18.75 2.5204741563673347
18.85 2.490485333680027
18.95 2.5004088735319066
19.05 2.441998823453409
19.150000000000002 2.402253671825858
19.25 2.3908848534161957
19.35 2.294601329412741
19.450000000000003 2.2824711437495497
19.55 2.222951488693659
19.650000000000002 2.2432428077199575
19.75 2.2049763302187984
19.85 2.1918512811642765
19.950000000000003 2.1508334299802554
20.05 2.119927211528144
20.150000000000002 2.110056395970792
20.25 2.0722308596361794
20.35 2.0400189375839326
20.450000000000003 2.0110413639474825
20.55 1.9855119365488594
20.650000000000002 1.952597521229323
20.75 1.926607239363579
20.85 1.9256773795093813
20.950000000000003 1.9085342804831757
21.05 1.8549288829369228
21.150000000000002 1.8612643959716566
21.25 1.8082579257981604
21.35 1.8208597394463133
21.450000000000003 1.781844538551264
21.55 1.7504688832599666
21.650000000000002 1.7421518174475505
21.75 1.6820468141294092
21.85 1.693762141274208
21.950000000000003 1.688608636184544
22.05 1.6604147630579114
22.150000000000002 1.6451625528824363
22.25 1.618292318385535
22.35 1.5826469427982588
22.450000000000003 1.5848688824098078
22.55 1.5498983201223955
22.650000000000002 1.5498358517898962
22.75 1.5243012481302163
22.85 1.4995238227296082
22.950000000000003 1.501583930583777
23.05 1.465202602070651
23.150000000000002 1.46508540244345
23.25 1.4470464470555957
23.35 1.4134445797889772
23.450000000000003 1.4020188613271554
23.55 1.3889160988946037
23.650000000000002 1.3780027693549637
23.75 1.3738550300922945
23.85 1.3566896510149198
23.950000000000003 1.3334105515555266
24.05 1.3167706099812924
24.150000000000002 1.2960033743334192
24.25 1.280343094031003
24.35 1.2827564023282465
24.450000000000003 1.2627918029802585
24.55 1.2486907765292223
24.650000000000002 1.2237238605084055
24.75 1.2107151754150465
24.85 1.212677963701259
24.950000000000003 1.1930206819580773
25.05 1.197637850804511

