0.05 0.0
0.15000000000000002 0.0
0.25 0.0
0.35000000000000003 0.0
0.45 0.0
0.55 0.0
0.65 0.0
0.75 0.0
0.8500000000000001 0.0
0.9500000000000001 0.0
1.05 0.0
1.1500000000000001 0.0
1.25 0.0
1.35 0.0
1.4500000000000002 0.0
1.55 0.0
1.6500000000000001 0.0
1.75 0.0
1.85 0.0
1.9500000000000002 0.0
2.0500000000000003 0.0
2.15 0.0
2.25 0.0
2.35 0.0
2.45 0.0
2.5500000000000003 0.0
2.6500000000000004 0.0
2.75 0.0
2.85 0.0
2.95 0.0
3.0500000000000003 0.014885896049862846
3.1500000000000004 0.06514738822409032
3.25 0.2582064455295026
3.35 0.9590530682043088
3.45 2.0691505868342936
3.5500000000000003 3.6659050355277243
3.6500000000000004 5.437659495279518
3.75 6.797686344956558
3.85 7.854800590297314
3.95 8.809299695385528
4.05 9.072137271794384
4.15 9.545030355741874
4.25 9.773184377228697
4.3500000000000005 9.810909866856052
4.45 9.999626387387224
4.55 10.018003760546774
4.65 10.0469138153922
4.75 10.305953026108481
4.8500000000000005 10.388205145172178
4.95 10.5460061032386
5.050000000000001 11.079417128620468
5.15 11.263413119014402
5.25 11.062635550264277
5.3500000000000005 11.471844748676785
5.45 11.883157579365626
5.550000000000001 11.927364672268574
5.65 11.905590130933675
5.75 12.026563347294307
5.8500000000000005 12.185368467598407
5.95 11.870813066064027
6.050000000000001 11.987882916116366
6.15 11.947579118981968
6.25 11.942486659329644
6.3500000000000005 11.860047195794088
6.45 11.764502900833179
6.550000000000001 11.407279047660607
6.65 11.403736354170837
6.75 11.336947598719975
6.8500000000000005 11.253281377095766
6.95 11.07370229200436
7.050000000000001 11.003425730085233
7.15 10.89199760171107
7.25 10.799836833259164
7.3500000000000005 10.744592658198195
7.45 10.625865140287088
7.550000000000001 10.554768813820864
7.65 10.435992949114302
7.75 10.447195652952017
7.8500000000000005 10.437637176117867
7.95 10.3811354929489
8.05 10.331747476984182
8.15 10.163955036335995
8.25 10.092032880550908
8.35 10.006600649978948
8.450000000000001 9.815274759233406
8.55 9.811292833484483
8.65 9.824983801025269
8.75 9.838082025272122
8.85 9.965107977537805
8.950000000000001 9.790860406073405
9.05 9.933117186678745
9.15 9.873609353182008
9.25 9.654637681990968
9.35 9.840038130439739
9.450000000000001 9.78894109918477
9.55 9.662107890684618
9.65 9.67924659596731
9.75 9.68243522364753
9.850000000000001 9.59651155543776
9.950000000000001 9.767077461151336
10.05 9.738588062499685
10.15 9.87228750780885
10.25 10.025287046488335
10.350000000000001 9.852371968216685
10.450000000000001 10.140172213594083
10.55 10.288269452674491
10.65 10.411006263355013
10.75 10.791223911513452
10.850000000000001 11.131966152292602
10.950000000000001 11.202626555185425
11.05 11.310379740010587
11.15 11.341563122897792
11.25 11.232209910340401
11.350000000000001 11.092453937350308
11.450000000000001 10.903903970525057
11.55 10.525401841315096
11.65 10.2678544545502
11.75 10.06126973367639
11.850000000000001 9.76839291164305
11.950000000000001 9.593984896268742
12.05 9.371410474246831
12.15 9.183607319979787
12.25 9.045476726224097
12.350000000000001 8.84684238669844
12.450000000000001 8.811444051627728
12.55 8.630406924756246
12.65 8.51855815173984
12.75 8.403146669615722
12.850000000000001 8.194637813964228
12.950000000000001 8.095551472446086
13.05 7.898450880059909
13.15 7.708839024252255
13.25 7.520372382815006
13.350000000000001 7.285013632566168
13.450000000000001 7.095109628336118
13.55 6.776157668765797
13.65 6.6002333033404605
13.75 6.3460972945454355
13.850000000000001 6.2228362342365875
13.950000000000001 5.9562925494750445
14.05 5.826725095913732
14.15 5.775276666991814
14.25 5.600167395654859
14.350000000000001 5.42611381744601
14.450000000000001 5.342779174117746
14.55 5.367559741568098
14.65 5.158563733343855
14.75 5.120761365952278
14.850000000000001 5.025462670865478
14.950000000000001 4.915590475694677
15.05 4.826813825834238
15.15 4.650712685281746
15.25 4.60522894738817
15.350000000000001 4.509513107766893
15.450000000000001 4.412439184609769
15.55 4.372188657482034
15.65 4.224325228848506
15.75 4.1219545263148465
15.850000000000001 4.0903798800148135
15.950000000000001 4.028909886189667
16.05 3.944682810422461
16.150000000000002 3.8335596420317444
16.25 3.8105193984211527
16.35 3.770185809217212
16.45 3.6780201373995642
16.55 3.668282735322966
16.650000000000002 3.6416064072926986
16.75 3.529798708648543
16.85 3.45274765262568
16.95 3.450430484305299
17.05 3.3539475314308627
17.150000000000002 3.3293659725049336
17.25 3.283833547928353
17.35 3.162531255523507
17.45 3.1605575704773567
17.55 3.090151217153303
17.650000000000002 3.001151842187022
17.75 2.957030510560524
17.85 2.9463714585595264
17.95 2.858117221547447
18.05 2.848205628476359
18.150000000000002 2.79693943530734
18.25 2.772471101267583
18.35 2.698371612201911
18.45 2.682242384221094
18.55 2.6408010047405224
18.650000000000002 2.619739736696982
18.75 2.570163298724633
18.85 2.5474125940930463
18.95 2.4678861934629137
19.05 2.4761262785078824
19.150000000000002 2.4036973679932023
19.25 2.3718777687817423
19.35 2.354952019750393
19.450000000000003 2.3339862868237478
19.55 2.2952801683428796
19.650000000000002 2.2713484128161467
19.75 2.216352145794461
19.85 2.1807738384314415
19.950000000000003 2.1297813014158464
20.05 2.134361511843477
20.150000000000002 2.09660803708213
20.25 2.06742876232636
20.35 2.050103368787399
20.450000000000003 2.021016628199325
20.55 2.0115445080226184
20.650000000000002 1.9858104756642267
20.75 1.9723922378010124
20.85 1.9192203301631576
20.950000000000003 1.906562459373076
21.05 1.882673903228342
21.150000000000002 1.8482906432126402
21.25 1.8228249110543184
21.35 1.8030179237303732
21.450000000000003 1.7844104082491337
21.55 1.7622045293829949
21.650000000000002 1.7607770940091614
21.75 1.7101012228811652
21.85 1.6962554114974087
21.950000000000003 1.6929598206326344
22.05 1.6588227164806952
22.150000000000002 1.6379426148109166
22.25 1.6163915894361232
22.35 1.5943928792149449
22.450000000000003 1.588268351349941
22.55 1.5582474785684863
22.650000000000002 1.542374443282872
22.75 1.5320484988213336
22.85 1.526845381402669
22.950000000000003 1.4921913820159287
23.05 1.5011887672530382
23.150000000000002 1.4674050521416038
23.25 1.4482531765377624
23.35 1.4418523856952232
23.450000000000003 1.394106023268813
23.55 1.3933760591961453
23.650000000000002 1.3993238153659466
23.75 1.3634609764650925
23.85 1.352382307646965
23.950000000000003 1.3358577534547176
24.05 1.3204969689832404
24.150000000000002 1.3197186391308426
24.25 1.2959615497059547
24.35 1.2840520742028605
24.450000000000003 1.2876023420558065
24.55 1.2414884895001463
24.650000000000002 1.2512420118175018
24.75 1.2225329115126211
24.85 1.2205342990988892
24.950000000000003 1.213876761538547
25.05 1.186401175321999

