0.05 0.0
0.15000000000000002 0.0
0.25 0.0
0.35000000000000003 0.0
0.45 0.0
0.55 0.0
0.65 0.0
0.75 0.0
0.8500000000000001 0.0
0.9500000000000001 0.0
1.05 0.0
1.1500000000000001 0.0
1.25 0.0
1.35 0.0
1.4500000000000002 0.0
1.55 0.0
1.6500000000000001 0.0
1.75 0.0
1.85 0.0
1.9500000000000002 0.0
2.0500000000000003 0.0
2.15 0.0
2.25 0.0
2.35 0.0
2.45 0.0
2.5500000000000003 0.0
2.6500000000000004 0.0
2.75 0.0
2.85 0.0
2.95 0.0
3.0500000000000003 0.0
3.1500000000000004 0.0
3.25 0.0
3.35 0.02054272022824411
3.45 0.22905683576221111
3.5500000000000003 1.0336361575687725
3.6500000000000004 2.5034467448919933
3.75 4.215387237566469
3.85 5.7880378476994
3.95 7.0646415109590786
4.05 8.016111974656576
4.15 8.753101701233216
4.25 9.732428567660888
4.3500000000000005 10.720555224799446
4.45 11.462977497172536
4.55 12.679730830366939
4.65 13.556748692470304
4.75 14.225796837162024
4.8500000000000005 14.481087470690557
4.95 14.635764959619905
5.050000000000001 14.695735936748147
5.15 14.311677504141468
5.25 14.10740028021068
5.3500000000000005 14.138442043368823
5.45 13.86556708310055
5.550000000000001 13.694270232988876
5.65 13.370422428155432
5.75 13.252756042614157
5.8500000000000005 13.16127450495113
5.95 12.686415907017446
6.050000000000001 12.509320174790506
6.15 12.587355208527919
6.25 12.419574322595068
6.3500000000000005 12.272940887212775
6.45 12.120526206337976
6.550000000000001 12.110437561097147
6.65 12.025982022976741
6.75 11.8142700007837
6.8500000000000005 11.780232903119906
6.95 11.610214351228018
7.050000000000001 11.42716355913331
7.15 11.297119463739634
7.25 11.20206324787279
7.3500000000000005 11.074114792449976
7.45 11.11712700395737
7.550000000000001 10.820926802233725
7.65 10.798345920845017
7.75 10.555400428749424
7.8500000000000005 10.751225728064782
7.95 10.474199195270145
8.05 10.366581539708678
8.15 10.437102479813596
8.25 10.487648765711503
8.35 10.406545604097248
8.450000000000001 10.163429492765772
8.55 10.2817642178355
8.65 10.348390948046205
8.75 10.143902874722372
8.85 10.13908959796965
8.950000000000001 10.155218603696865
9.05 10.093033849114297
9.15 10.133733921422872
9.25 10.044771895762665
9.35 10.090755879422877
9.450000000000001 10.07199133107728
9.55 9.903680291689117
9.65 9.892803831105743
9.75 9.86378180634821
9.850000000000001 10.011470107361122
9.950000000000001 9.94072386366555
10.05 9.939063210478386
10.15 9.912472532715983
10.25 10.149640715517387
10.350000000000001 10.188003357050533
10.450000000000001 10.319936945816712
10.55 10.528310476653544
10.65 10.535570514099152
10.75 10.656677920325437
10.850000000000001 10.903951869787889
10.950000000000001 11.207240170347406
11.05 11.644509161808012
11.15 11.750578399096007
11.25 11.943808930947952
11.350000000000001 12.063234820785928
11.450000000000001 11.954475344709353
11.55 11.7408133802689
11.65 11.664016422517141
11.75 11.545007658545464
11.850000000000001 11.400294307696
11.950000000000001 11.017064233611531
12.05 10.781117699892219
12.15 10.399502269297999
12.25 9.908427071302777
12.350000000000001 9.55309521223823
12.450000000000001 9.134122922506656
12.55 8.715266687272994
12.65 8.450577814314677
12.75 8.222968546693407
12.850000000000001 7.950969410089043
12.950000000000001 7.5930055066779865
13.05 7.44414961984864
13.15 7.227343859267529
13.25 7.021797618523795
13.350000000000001 6.796065450246226
13.450000000000001 6.576604196400411
13.55 6.448819260576656
13.65 6.219816824826874
13.75 6.028583076915971
13.850000000000001 5.91049929681411
13.950000000000001 5.814436463934592
14.05 5.756693593898627
14.15 5.584285888205813
14.25 5.415588035551982
14.350000000000001 5.389434036701295
14.450000000000001 5.215779086021207
14.55 5.181999097213286
14.65 5.117761392258353
14.75 5.000033519323926
14.850000000000001 4.9548140129181775
14.950000000000001 4.800452090913138
15.05 4.699662638900714
15.15 4.647156613407902
15.25 4.54830487700671
15.350000000000001 4.422199587302321
15.450000000000001 4.362594184768659
15.55 4.26122828292536
15.65 4.213112523012155
15.75 4.095182221676677
15.850000000000001 4.060411287331628
15.950000000000001 4.0428504745549745
16.05 3.9542964148270885
16.150000000000002 3.871511451670639
16.25 3.8424033885864604
16.35 3.7603490334413032
16.45 3.700850354021215
16.55 3.67179435082927
16.650000000000002 3.575229628696087
16.75 3.5201162827940364
16.85 3.4862039278171673
16.95 3.423414284429587
17.05 3.345819481611042
17.150000000000002 3.2947150213596306
17.25 3.2453470063571594
17.35 3.170768453008786
17.45 3.101981295098403
17.55 3.094289654571935
17.650000000000002 3.0373780412290174
17.75 2.988925837883301
17.85 2.940776955038742
17.95 2.9008580097608445
18.05 2.841113488105194
18.150000000000002 2.8473742902124655
18.25 2.787124901686438
18.35 2.7444246515961037
18.45 2.7241910499563176
18.55 2.663036122588699
18.650000000000002 2.634257807955735
18.75 2.6013756773606347
18.85 2.590064381558249
18.95 2.5138322191251485
19.05 2.490763536771909
19.150000000000002 2.4647836486692887
19.25 2.4290341922979297
19.35 2.351583154457787
19.450000000000003 2.34674766289677
19.55 2.327033657089847
19.650000000000002 2.301138581252804
19.75 2.248790170282388
19.85 2.2378448792399537
19.950000000000003 2.1963387133325623
20.05 2.1587940648220716
20.150000000000002 2.1434462939936614
20.25 2.1169705759364383
20.35 2.0975271063815897
20.450000000000003 2.0806177625611064
20.55 2.0383949948663167
20.650000000000002 2.008758043511705
20.75 1.9915683449479884
20.85 1.968910777573927
20.950000000000003 1.940443983820521
21.05 1.924924423876402
21.150000000000002 1.9006097367121038
21.25 1.8678651548016307
21.35 1.8351458432089665
21.450000000000003 1.837452801058182
21.55 1.7941467367813
21.650000000000002 1.7642247717832302
21.75 1.7447372308667686
21.85 1.741979841574775
21.950000000000003 1.735297822592742
22.05 1.6849900733363585
22.150000000000002 1.6634572095595983
22.25 1.6380441118725153
22.35 1.6405883605204248
22.450000000000003 1.6157576141643508
22.55 1.5947557302342807
22.650000000000002 1.5883393928056393
22.75 1.55542492320414
22.85 1.5376029199958072
22.950000000000003 1.5304250234276626
23.05 1.5032054828744976
23.150000000000002 1.497596398949356
23.25 1.465462860376569
23.35 1.4510962599826616
23.450000000000003 1.4280906057312133
23.55 1.4089276918289264
23.650000000000002 1.4148171095859592
23.75 1.38110014688227
23.85 1.3612967052769107
23.950000000000003 1.3519891953626604
24.05 1.334441807598264
24.150000000000002 1.3143553198135711
24.25 1.31639498439137
24.35 1.2908000921344291
24.450000000000003 1.264798700667093
24.55 1.2702069363636028
24.650000000000002 1.2415460341068763
24.75 1.2373668291986806
24.85 1.219194679778925
24.950000000000003 1.2086001875288972
25.05 1.198165395365492

