0.05 0.0
0.15000000000000002 0.0
0.25 0.0
0.35000000000000003 0.0
0.45 0.0
0.55 0.0
0.65 0.0
0.75 0.0
0.8500000000000001 0.0
0.9500000000000001 0.0
1.05 0.0
1.1500000000000001 0.0
1.25 0.0
1.35 0.0
1.4500000000000002 0.0
1.55 0.0
1.6500000000000001 0.0
1.75 0.0
1.85 0.0
1.9500000000000002 0.0
2.0500000000000003 0.0
2.15 0.0
2.25 0.0
2.35 0.0
2.45 0.0
2.5500000000000003 0.0
2.6500000000000004 0.0
2.75 0.0
2.85 0.0
2.95 0.0
3.0500000000000003 0.014909571805569958
3.1500000000000004 0.06524308604539454
3.25 0.36297859467800225
3.35 0.926440385533959
3.45 1.9599158164123127
3.5500000000000003 3.354451025118041
3.6500000000000004 5.0899981161392285
3.75 6.510923238214901
3.85 7.218152500437202
3.95 8.011812088911071
4.05 8.229975939139724
4.15 8.709888535467696
4.25 9.141534853937245
4.3500000000000005 9.316653636616223
4.45 9.86428239602233
4.55 10.412452894284447
4.65 11.015184909988468
4.75 11.678133339748275
4.8500000000000005 12.111949202437591
4.95 12.444372398711424
5.050000000000001 12.523606961941224
5.15 12.78789386690122
5.25 12.692402164304799
5.3500000000000005 12.71814265687775
5.45 12.536936481479504
5.550000000000001 12.82399104400016
5.65 12.335770769343716
5.75 12.390140326741697
5.8500000000000005 12.547278586419255
5.95 12.189365213696846
6.050000000000001 11.975603738766676
6.15 12.35238422981851
6.25 12.30540882152654
6.3500000000000005 11.973561090031996
6.45 11.84419192715818
6.550000000000001 11.7438770514639
6.65 11.542554075884437
6.75 11.63523147212028
6.8500000000000005 11.518576402326438
6.95 11.463318588288208
7.050000000000001 11.319321392264369
7.15 11.134141987031725
7.25 11.048473854479049
7.3500000000000005 10.951130230239373
7.45 11.038499648633833
7.550000000000001 10.852788141320753
7.65 10.902495043925962
7.75 10.64553362902364
7.8500000000000005 10.663762958369263
7.95 10.610121835777745
8.05 10.331557428755815
8.15 10.548362864955038
8.25 10.299187131708072
8.35 10.28821845780423
8.450000000000001 10.087221189685748
8.55 10.178709488737368
8.65 10.167184731358882
8.75 10.159423625532266
8.85 10.082835349425082
8.950000000000001 10.089030983116272
9.05 10.050514974853847
9.15 9.98952073589885
9.25 9.91943072913755
9.35 10.056379683649602
9.450000000000001 9.863716677230029
9.55 9.830249386968342
9.65 9.8200749203058
9.75 9.952197681364975
9.850000000000001 9.781695123138483
9.950000000000001 9.840019147816621
10.05 10.005495024032717
10.15 9.903581720732005
10.25 10.081370099119761
10.350000000000001 10.060808902762027
10.450000000000001 10.227332055962838
10.55 10.338506606007845
10.65 10.698862458746675
10.75 10.867155850006212
10.850000000000001 11.11445551102886
10.950000000000001 11.317046382467383
11.05 11.48597690283313
11.15 11.30067099461083
11.25 11.397226618194061
11.350000000000001 11.242564571953775
11.450000000000001 11.066852528867358
11.55 10.78985143941799
11.65 10.716917789600645
11.75 10.515357321025435
11.850000000000001 10.358916208850822
11.950000000000001 10.273064191395672
12.05 10.133536425481097
12.15 9.80608819544685
12.25 9.561067449234127
12.350000000000001 9.389850988559038
12.450000000000001 9.114107111040118
12.55 8.783792883814968
12.65 8.515427350448078
12.75 8.376350769965091
12.850000000000001 8.17873103727791
12.950000000000001 7.980479420371568
13.05 7.713174559028458
13.15 7.475977516438869
13.25 7.297966756362535
13.350000000000001 7.070270902808709
13.450000000000001 6.921609746679577
13.55 6.747601750701845
13.65 6.519458281942822
13.75 6.37902849795496
13.850000000000001 6.182530216004378
13.950000000000001 6.019290420786787
14.05 5.894395978787899
14.15 5.742814972886206
14.25 5.663399372305994
14.350000000000001 5.573404942615277
14.450000000000001 5.448802122378884
14.55 5.347116521002422
14.65 5.1553362723163785
14.75 5.107002346316782
14.850000000000001 5.014928976578181
14.950000000000001 4.944689220831066
15.05 4.850784250045765
15.15 4.718598470476003
15.25 4.695592255949891
15.350000000000001 4.519881056306005
15.450000000000001 4.455917805118993
15.55 4.337528693250192
15.65 4.253229448391626
15.75 4.194982727226741
15.850000000000001 4.104361255072329
15.950000000000001 4.0446782779895525
16.05 3.91515051144269
16.150000000000002 3.836877134129409
16.25 3.8186371234226977
16.35 3.7582263632444532
16.45 3.7274501217329723
16.55 3.6810371139068514
16.650000000000002 3.598386137318445
16.75 3.5560383877031243
16.85 3.459365272577123
16.95 3.4365891871718146
17.05 3.3811960249482658
17.150000000000002 3.3268486582837196
17.25 3.266082171920102
17.35 3.20813738967839
17.45 3.1635623663889905
17.55 3.1058539808182446
17.650000000000002 3.0587816689608225
17.75 3.027542058948439
17.85 2.9271696167555397
17.95 2.9333910188276944
18.05 2.865691181592127
18.150000000000002 2.822124544105497
18.25 2.7705252873921675
18.35 2.7430458536343925
18.45 2.729727218181259
18.55 2.6618592298642936
18.650000000000002 2.63448093704802
18.75 2.622748983357632
18.85 2.5780372172838177
18.95 2.560829725675748
19.05 2.527618009667229
19.150000000000002 2.483071438237764
19.25 2.438773405210799
19.35 2.3915864236488655
19.450000000000003 2.3833711497561425
19.55 2.2939827587771418
19.650000000000002 2.3136227285201563
19.75 2.2442645034926274
19.85 2.2609226138266916
19.950000000000003 2.209677038753577
20.05 2.192420763354568
20.150000000000002 2.141589758369687
20.25 2.1180116261154454
20.35 2.105803204688039
20.450000000000003 2.0623820233679244
20.55 2.070685249511274
20.650000000000002 2.021843198646113
20.75 1.973861961046141
20.85 1.9555484707367825
20.950000000000003 1.973536819351987
21.05 1.915716841033546
21.150000000000002 1.925092489573412
21.25 1.8772161121361597
21.35 1.8790284924241962
21.450000000000003 1.827727165476964
21.55 1.8188065566635352
21.650000000000002 1.782800565716963
21.75 1.7605247802889055
21.85 1.7279133260485307
21.950000000000003 1.723615828075829
22.05 1.6913229397497755
22.150000000000002 1.6707628622035666
22.25 1.6670880145181282
22.35 1.6522739829723123
22.450000000000003 1.632191666867937
22.55 1.5865086174834435
22.650000000000002 1.5915604119865043
22.75 1.5849632450559898
22.85 1.5415564712833314
22.950000000000003 1.5249506383495806
23.05 1.496692226797915
23.150000000000002 1.4997075724485847
23.25 1.4952557734009813
23.35 1.4542294567020957
23.450000000000003 1.451290894293877
23.55 1.4171319380529244
23.650000000000002 1.4307952728617104
23.75 1.3934207880715648
23.85 1.3713836460819633
23.950000000000003 1.368250482078961
24.05 1.35262161196617
24.150000000000002 1.3327060169906828
24.25 1.2912597612461938
24.35 1.297921424154391
24.450000000000003 1.2989796339920963
24.55 1.2733529701018225
24.650000000000002 1.2591119767640548
24.75 1.2382364154991465
24.85 1.242994019641589
24.950000000000003 1.2154488235089067
25.05 1.1996721217053758

