0.05 0.0
0.15000000000000002 0.0
0.25 0.0
0.35000000000000003 0.0
0.45 0.0
0.55 0.0
0.65 0.0
0.75 0.0
0.8500000000000001 0.0
0.9500000000000001 0.0
1.05 0.0
1.1500000000000001 0.0
1.25 0.0
1.35 0.0
1.4500000000000002 0.0
1.55 0.0
1.6500000000000001 0.0
1.75 0.0
1.85 0.0
1.9500000000000002 0.0
2.0500000000000003 0.0
2.15 0.0
2.25 0.0
2.35 0.0
2.45 0.0
2.5500000000000003 0.0
2.6500000000000004 0.0
2.75 0.0005428547593730366
2.85 0.0005027573321707369
2.95 0.0028233175632216456
3.0500000000000003 0.005280113780826742
3.1500000000000004 0.031355012863347076
3.25 0.12052951568324675
3.35 0.3589123709651654
3.45 0.8069267041551093
3.5500000000000003 1.4417144996370945
3.6500000000000004 2.250633964844628
3.75 2.9666796026700077
3.85 3.5442538070397456
3.95 3.9017847214523083
4.05 4.179695455341431
4.15 4.302470868586276
4.25 4.434595459525438
4.3500000000000005 4.374605465583578
4.45 4.471821406108403
4.55 4.509958749258558
4.65 4.5725382792375635
4.75 4.5715488452210025
4.8500000000000005 4.574758238307342
4.95 4.602690213022471
5.050000000000001 4.543950055435177
5.15 4.577470054417685
5.25 4.572181132330169
5.3500000000000005 4.563103831299217
5.45 4.577459543235614
5.550000000000001 4.525869786124617
5.65 4.435031948283807
5.75 4.439895433113981
5.8500000000000005 4.3811485416302185
5.95 4.336586291819824
6.050000000000001 4.2669714263276255
6.15 4.213608057058683
6.25 4.152786380425076
6.3500000000000005 4.124997980288862
6.45 4.117149979181963
6.550000000000001 4.05276638675343
6.65 4.007054025831844
6.75 3.9843688579785725
6.8500000000000005 3.953833803046758
6.95 3.9103662192997946
7.050000000000001 3.878888224429999
7.15 3.826657383663227
7.25 3.820184386656499
7.3500000000000005 3.7883489679222966
7.45 3.740099730607188
7.550000000000001 3.7236123441512965
7.65 3.68756397614729
7.75 3.656086982982375
7.8500000000000005 3.6387589629033155
7.95 3.6443277870090593
8.05 3.6242518709050304
8.15 3.6066002521169778
8.25 3.564277922889248
8.35 3.5476311797793887
8.450000000000001 3.5451401868911923
8.55 3.521265775614276
8.65 3.483744264533379
8.75 3.496666499941664
8.85 3.5006456739955807
8.950000000000001 3.493787730683352
9.05 3.495320772713148
9.15 3.490765276322191
9.25 3.512218158953513
9.35 3.4833711921049595
9.450000000000001 3.497265688482426
9.55 3.479308658954652
9.65 3.456637788135968
9.75 3.4755595669202135
9.850000000000001 3.4664752387616216
9.950000000000001 3.4555597338879744
10.05 3.465560344693275
10.15 3.51701803786146
10.25 3.5183680723811963
10.350000000000001 3.58639363439829
10.450000000000001 3.6250074543705435
10.55 3.7128938193828493
10.65 3.810855330750258
10.75 3.935824547029931
10.850000000000001 4.026605075215046
10.950000000000001 4.108754055906504
11.05 4.2042078354245325
11.15 4.249583600672524
11.25 4.19422384098558
11.350000000000001 4.0992559340516905
11.450000000000001 3.963151845862458
11.55 3.8563270733250814
11.65 3.7312290491087916
11.75 3.5909398722442964
11.850000000000001 3.4637090436948563
11.950000000000001 3.348271672010712
12.05 3.2298703489916476
12.15 3.113609268369914
12.25 3.0328195979022707
12.350000000000001 2.92526476212928
12.450000000000001 2.860081259495951
12.55 2.7973031049423174
12.65 2.718829540476341
12.75 2.657741832264879
12.850000000000001 2.5975191343290525
12.950000000000001 2.537694599427218
13.05 2.4764444810929036
13.15 2.423629341019608
13.25 2.3710358353487586
13.350000000000001 2.3039021446669374
13.450000000000001 2.2174282831566865
13.55 2.1624415601632125
13.65 2.09333770797602
13.75 2.0278848568525527
13.850000000000001 1.9895511933657495
13.950000000000001 1.9364211512142382
14.05 1.9046627853113038
14.15 1.8566156539467453
14.25 1.8146957703560325
14.350000000000001 1.7838687824916355
14.450000000000001 1.7640765908167133
14.55 1.7408798066553017
14.65 1.716821818032711
14.75 1.6933630172682221
14.850000000000001 1.6635184788718094
14.950000000000001 1.6312211081898111
15.05 1.6005499984840912
15.15 1.589951297921012
15.25 1.5601439069344445
15.350000000000001 1.5316920138129584
15.450000000000001 1.5026080495277467
15.55 1.4566187660715
15.65 1.4364807230016865
15.75 1.4071151800716173
15.850000000000001 1.3846398662930464
15.950000000000001 1.3571185896225866
16.05 1.3310949876536295
16.150000000000002 1.321932514139946
16.25 1.303763693194827
16.35 1.2952504075719529
16.45 1.2628713265232228
16.55 1.2589155562355547
16.650000000000002 1.2330929800099266
16.75 1.2178775075165327
16.85 1.2043236646621716
16.95 1.1812507428525088
17.05 1.175190594813834
17.150000000000002 1.1535918119641344
17.25 1.1416245723407026
17.35 1.1188307855534896
17.45 1.1015693604572119
17.55 1.0851747457078882
17.650000000000002 1.0683802457431257
17.75 1.0570383510495205
17.85 1.039135968168207
17.95 1.0267426948885814
18.05 1.0141946806111652
18.150000000000002 1.0081071542696538
18.25 0.9953248066451205
18.35 0.986142104477779
18.45 0.9625435630580018
18.55 0.9650910499433066
18.650000000000002 0.954924892736791
18.75 0.9458502212549258
18.85 0.9436539673844071
18.95 0.9306796458779745
19.05 0.9224257133690744
19.150000000000002 0.9133130010969229
19.25 0.9022160397943834
19.35 0.8965069418922929
19.450000000000003 0.8886863254610706
19.55 0.8757782449975444
19.650000000000002 0.8674387333471807
19.75 0.8600427524564861
19.85 0.8481038191986843
19.950000000000003 0.8506502321874927
20.05 0.842514165485531
20.150000000000002 0.836193092379284
20.25 0.8298955726550046
20.35 0.8277637528411902
20.450000000000003 0.8148403809274949
20.55 0.8158387998725631
20.650000000000002 0.8065680472399559
20.75 0.8040169047405884
20.85 0.8006335511333147
20.950000000000003 0.7999652223899657
21.05 0.7952740883883053
21.150000000000002 0.7929398349375812
21.25 0.7866765255583129
21.35 0.7823941324693492
21.450000000000003 0.7780991335768808
21.55 0.7741392095288897
21.650000000000002 0.7761531676259613
21.75 0.7696685127318725
21.85 0.7641190481172186
21.950000000000003 0.7611727839927044
22.05 0.7599611307557783
22.150000000000002 0.7575112825421927
22.25 0.7569033456830591
22.35 0.7525697721322357
22.450000000000003 0.7504950643735174
22.55 0.751084977963445
22.650000000000002 0.746844655215442
22.75 0.7492837657154582
22.85 0.745544857573971
22.950000000000003 0.7385984367807299
23.05 0.7447340705913527
23.150000000000002 0.7406503819510344
23.25 0.7398289078728398
23.35 0.7362924684668067
23.450000000000003 0.7390440857808768
23.55 0.7355646590850539
23.650000000000002 0.7394155955876286
23.75 0.7350915563422886
23.85 0.7360646884318375
23.950000000000003 0.735786573138481
24.05 0.7376996630432745
24.150000000000002 0.7341207411452639
24.25 0.7317765962057216
24.35 0.732244613733601
24.450000000000003 0.7382944486339476
24.55 0.7300543142330824
24.650000000000002 0.7323020988457516
24.75 0.733814046711597
24.85 0.7375404626730002
24.950000000000003 0.735806206866922
25.05 0.7386634452766583

