0.05 0.0
0.15000000000000002 0.0
0.25 0.0
0.35000000000000003 0.0
0.45 0.0
0.55 0.0
0.65 0.0
0.75 0.0
0.8500000000000001 0.0
0.9500000000000001 0.0
1.05 0.0
1.1500000000000001 0.0
1.25 0.0
1.35 0.0
1.4500000000000002 0.0
1.55 0.0
1.6500000000000001 0.0
1.75 0.0
1.85 0.0
1.9500000000000002 0.0
2.0500000000000003 0.0
2.15 0.0
2.25 0.0
2.35 0.0
2.45 0.0
2.5500000000000003 0.0
2.6500000000000004 0.0
2.75 0.0
2.85 0.0
2.95 0.0
3.0500000000000003 0.0030787179963484863
3.1500000000000004 0.023929877322355207
3.25 0.10814194682790979
3.35 0.33419396353008146
3.45 0.6353040255408726
3.5500000000000003 1.092780843450764
3.6500000000000004 1.5374721840939154
3.75 2.0373663848617296
3.85 2.435284795518574
3.95 2.722425483054317
4.05 2.942195544190301
4.15 3.1631079198796463
4.25 3.361049139769046
4.3500000000000005 3.550569161518659
4.45 3.839725937613494
4.55 4.12786595000036
4.65 4.373718913280176
4.75 4.611099568619265
4.8500000000000005 4.793610521256426
4.95 4.988970057752064
5.050000000000001 5.126200766934954
5.15 5.092936906278242
5.25 5.085513120423824
5.3500000000000005 5.0106203422630085
5.45 4.955184632412648
5.550000000000001 4.907321904082575
5.65 4.789285514217854
5.75 4.732586534543299
5.8500000000000005 4.659860336416259
5.95 4.583852766449133
6.050000000000001 4.548419160704415
6.15 4.480946362988467
6.25 4.468560010863988
6.3500000000000005 4.424815047497854
6.45 4.4155881579006255
6.550000000000001 4.358352455821178
6.65 4.302663412042985
6.75 4.24798194433579
6.8500000000000005 4.193916984588643
6.95 4.163801776453327
7.050000000000001 4.108605586422089
7.15 4.095425031665216
7.25 4.025168449948501
7.3500000000000005 4.015907762188795
7.45 3.94068273593626
7.550000000000001 3.886369280819054
7.65 3.8516488114791025
7.75 3.8244875487136722
7.8500000000000005 3.7604210507154803
7.95 3.7578062383241164
8.05 3.742501279090722
8.15 3.7085056178480644
8.25 3.7112675200629583
8.35 3.6898979471978643
8.450000000000001 3.6652589604092016
8.55 3.6484153528750456
8.65 3.633114675030095
8.75 3.6141437595704424
8.85 3.598478863328609
8.950000000000001 3.593181172252617
9.05 3.567727006758295
9.15 3.5423558812116123
9.25 3.538100705743182
9.35 3.5259242124655
9.450000000000001 3.500890627724895
9.55 3.510920164527986
9.65 3.4862373845228904
9.75 3.4945812451139804
9.850000000000001 3.5033890293382743
9.950000000000001 3.4857706202158476
10.05 3.513409549981657
10.15 3.5062754475765687
10.25 3.5696155473773077
10.350000000000001 3.5985982352602086
10.450000000000001 3.6460663853519835
10.55 3.7060195961470765
10.65 3.7967074490098898
10.75 3.856556158110383
10.850000000000001 3.9012869183606176
10.950000000000001 4.008314095769514
11.05 4.059768115078854
11.15 4.06086680238949
11.25 4.071354983551273
11.350000000000001 4.024781036612354
11.450000000000001 3.992525545477541
11.55 3.962812829767576
11.65 3.9152748517268585
11.75 3.847568095134364
11.850000000000001 3.8067832086975395
11.950000000000001 3.7372813706530152
12.05 3.674000627315547
12.15 3.572101556910476
12.25 3.452343108302034
12.350000000000001 3.34084478730035
12.450000000000001 3.2341357487162887
12.55 3.1042390943303118
12.65 2.9949842097569324
12.75 2.8770297860193583
12.850000000000001 2.7650338657766107
12.950000000000001 2.693729587156455
13.05 2.6002081842177796
13.15 2.5115918844444702
13.25 2.424500596121367
13.350000000000001 2.3457087580232723
13.450000000000001 2.2916238426080957
13.55 2.2028863388128554
13.65 2.133914209784085
13.75 2.070426621090788
13.850000000000001 2.02582143153189
13.950000000000001 1.9740234749151901
14.05 1.9311436462167464
14.15 1.8869351534302206
14.25 1.8504970466603048
14.350000000000001 1.8115567599776925
14.450000000000001 1.782638129211988
14.55 1.755640479325662
14.65 1.7205062004154041
14.75 1.6885264494892518
14.850000000000001 1.6564847209592932
14.950000000000001 1.6211175654465024
15.05 1.5740760371749123
15.15 1.5470055351200231
15.25 1.517354507955091
15.350000000000001 1.4779756967509388
15.450000000000001 1.4444543125525806
15.55 1.415418139189106
15.65 1.3874382127428293
15.75 1.3605580817817684
15.850000000000001 1.34095744011167
15.950000000000001 1.3210856952925965
16.05 1.2920945163058282
16.150000000000002 1.292184723205735
16.25 1.2720502329672754
16.35 1.2540020517502102
16.45 1.234337168019002
16.55 1.2237295439680242
16.650000000000002 1.2002524645329453
16.75 1.1764006179597308
16.85 1.165262010255196
16.95 1.1500438772309316
17.05 1.1304798576421722
17.150000000000002 1.1010099081886302
17.25 1.0801079058409642
17.35 1.0674502337379057
17.45 1.0612223998918768
17.55 1.0323838564821455
17.650000000000002 1.0263469500034503
17.75 1.0117311961674396
17.85 0.9956818972315826
17.95 0.9923893259265344
18.05 0.9756561498732813
18.150000000000002 0.9695023785735628
18.25 0.9528548340589428
18.35 0.9352171426760241
18.45 0.9349604133730973
18.55 0.9231714413218852
18.650000000000002 0.9122491259686245
18.75 0.8988249185443069
18.85 0.8964984725398945
18.95 0.887397133822612
19.05 0.8703417208403207
19.150000000000002 0.852298308252448
19.25 0.8420468198739913
19.35 0.840966051149165
19.450000000000003 0.8303075242292632
19.55 0.8110798935690544
19.650000000000002 0.8030134802866916
19.75 0.8065749854001445
19.85 0.7930864177588923
19.950000000000003 0.7913566849354068
20.05 0.7793320864375983
20.150000000000002 0.7695847362038667
20.25 0.7639834883912656
20.35 0.7575265445787602
20.450000000000003 0.7552359872745349
20.55 0.7423311765521998
20.650000000000002 0.7373580156574188
20.75 0.7365948004430459
20.85 0.7268426777545769
20.950000000000003 0.7249321216571419
21.05 0.7205168257592659
21.150000000000002 0.7070413498166543
21.25 0.7055282427351257
21.35 0.6990816579936688
21.450000000000003 0.6934108865224806
21.55 0.6867058136288163
21.650000000000002 0.6856646344936724
21.75 0.6855944210179845
21.85 0.677785088963983
21.950000000000003 0.6723430559369622
22.05 0.6703824333799764
22.150000000000002 0.6655435546126368
22.25 0.6620935052922857
22.35 0.6613031099236955
22.450000000000003 0.657433348856251
22.55 0.653862552170791
22.650000000000002 0.6551320614289522
22.75 0.650156624519873
22.85 0.6466929982014101
22.950000000000003 0.6490966652441564
23.05 0.6447691763929185
23.150000000000002 0.6440498188183237
23.25 0.6411448469144675
23.35 0.6348949131148512
23.450000000000003 0.6343491979128267
23.55 0.6398347092455521
23.650000000000002 0.6328619259244421
23.75 0.634287015526273
23.85 0.6322962324253933
23.950000000000003 0.6371669676535424
24.05 0.6371502055657248
24.150000000000002 0.6328445142822914
24.25 0.6308635776144527
24.35 0.6350436493793109
24.450000000000003 0.6290550222751519
24.55 0.6337048516599116
24.650000000000002 0.6338852078840324
24.75 0.6319071450246672
24.85 0.6397119825915469
24.950000000000003 0.6351722208245386
25.05 0.6352753175179873

