0.05 0.0
0.15000000000000002 0.0
0.25 0.0
0.35000000000000003 0.0
0.45 0.0
0.55 0.0
0.65 0.0
0.75 0.0
0.8500000000000001 0.0
0.9500000000000001 0.0
1.05 0.0
1.1500000000000001 0.0
1.25 0.0
1.35 0.0
1.4500000000000002 0.0
1.55 0.0
1.6500000000000001 0.0
1.75 0.0
1.85 0.0
1.9500000000000002 0.0
2.0500000000000003 0.0
2.15 0.0
2.25 0.0
2.35 0.0
2.45 0.0
2.5500000000000003 0.0
2.6500000000000004 0.0
2.75 0.0
2.85 0.001010077127366423
2.95 0.0
3.0500000000000003 0.0
3.1500000000000004 0.0012362828642563716
3.25 0.0015520854741879987
3.35 0.01569351767866133
3.45 0.07703278236092147
3.5500000000000003 0.2845477063723604
3.6500000000000004 0.5921513409959772
3.75 0.9593466096086625
3.85 1.3809767056854008
3.95 1.6675745389267076
4.05 1.9955391343238649
4.15 2.43642175337322
4.25 2.9128306895024556
4.3500000000000005 3.4358617529711357
4.45 3.914954469168996
4.55 4.2747405904478395
4.65 4.607073708307883
4.75 4.73159167262639
4.8500000000000005 4.843552301837771
4.95 4.9084431298823
5.050000000000001 4.859215916874919
5.15 4.831659476496782
5.25 4.753523893956636
5.3500000000000005 4.67763406164617
5.45 4.610267343572201
5.550000000000001 4.516710983536765
5.65 4.428886782988672
5.75 4.39839109818803
5.8500000000000005 4.333999045933508
5.95 4.261519761520441
6.050000000000001 4.222778451599638
6.15 4.203510575210797
6.25 4.155487188677765
6.3500000000000005 4.119696900056036
6.45 4.066200672541702
6.550000000000001 4.017352287134449
6.65 3.9924366819083534
6.75 3.974315048248314
6.8500000000000005 3.929646959350909
6.95 3.835795009691568
7.050000000000001 3.816076487995832
7.15 3.7956110060642496
7.25 3.6996374509005308
7.3500000000000005 3.650582737595082
7.45 3.6509934766681114
7.550000000000001 3.640386171604547
7.65 3.612462912698294
7.75 3.5892950636169036
7.8500000000000005 3.569165577476994
7.95 3.5583372071498993
8.05 3.562998043911558
8.15 3.5290079137005494
8.25 3.53371816995934
8.35 3.4944653470634837
8.450000000000001 3.4790624071181044
8.55 3.4731471525259323
8.65 3.4822444149437843
8.75 3.478388302952441
8.85 3.4453382918198012
8.950000000000001 3.41819803465801
9.05 3.3709613035328947
9.15 3.416493059813341
9.25 3.386144996022566
9.35 3.3725013314531713
9.450000000000001 3.3463850825203414
9.55 3.3620552265108223
9.65 3.3220758964446646
9.75 3.333950140326902
9.850000000000001 3.3431247523810455
9.950000000000001 3.3469652384589006
10.05 3.3854647427051465
10.15 3.365456509435974
10.25 3.3793887592975964
10.350000000000001 3.415271008098565
10.450000000000001 3.4545299977928035
10.55 3.474725180458493
10.65 3.507434528855364
10.75 3.567814269556545
10.850000000000001 3.6114126612123014
10.950000000000001 3.691561923939109
11.05 3.7684614874676505
11.15 3.8379658360972275
11.25 3.902141082080721
11.350000000000001 3.9438343606665125
11.450000000000001 3.9756628491078114
11.55 4.010589876113999
11.65 4.029852372975277
11.75 4.003041428222228
11.850000000000001 3.9780050272544654
11.950000000000001 3.875214490886632
12.05 3.7117378731886754
12.15 3.5694257419482884
12.25 3.4010639220900054
12.350000000000001 3.267214095699476
12.450000000000001 3.122656238622798
12.55 2.9841754377838203
12.65 2.8658811013014116
12.75 2.768377556079148
12.850000000000001 2.6834543007084672
12.950000000000001 2.5788013575803608
13.05 2.5135988518285246
13.15 2.4246658730725112
13.25 2.3711815015852404
13.350000000000001 2.2891039599533904
13.450000000000001 2.2296904918106413
13.55 2.168998628443254
13.65 2.1038719740404543
13.75 2.052625961702574
13.850000000000001 2.014884772969304
13.950000000000001 1.9549905671576535
14.05 1.9375156288385362
14.15 1.9166860766757963
14.25 1.866888669321053
14.350000000000001 1.8328057665317699
14.450000000000001 1.8068239436445974
14.55 1.7772437476479732
14.65 1.7452529561452033
14.75 1.7075986371582508
14.850000000000001 1.6744696843638103
14.950000000000001 1.6548389992208012
15.05 1.6124061244908177
15.15 1.5880235694649996
15.25 1.552869852272112
15.350000000000001 1.5234700855361303
15.450000000000001 1.4870445967937975
15.55 1.4626490122163645
15.65 1.4445284050969138
15.75 1.4327821854710618
15.850000000000001 1.4033640740360491
15.950000000000001 1.3863766348785183
16.05 1.3683250781435827
16.150000000000002 1.3377005672437727
16.25 1.3192482428707866
16.35 1.3036644640951247
16.45 1.277072281061204
16.55 1.2640565504967887
16.650000000000002 1.240306377870679
16.75 1.2235775472203203
16.85 1.199171362816097
16.95 1.1798488825641797
17.05 1.1617398101211234
17.150000000000002 1.1383839985864679
17.25 1.1252212230566414
17.35 1.1048366753877268
17.45 1.0975010615214429
17.55 1.0808959840045667
17.650000000000002 1.0662357647239795
17.75 1.0510321745148328
17.85 1.039005733509356
17.95 1.0296350499247964
18.05 1.0169554578981463
18.150000000000002 1.0095739758594175
18.25 0.9978091802061221
18.35 0.9846729597030682
18.45 0.9658417433759586
18.55 0.9600374415733396
18.650000000000002 0.9519400643394433
18.75 0.9477032267265968
18.85 0.931186716417154
18.95 0.9161076975704122
19.05 0.9139313366982158
19.150000000000002 0.9006959285109217
19.25 0.8944469825727522
19.35 0.8845591902032729
19.450000000000003 0.8743018375469958
19.55 0.8701081612241722
19.650000000000002 0.8601100345602045
19.75 0.8556238758645641
19.85 0.8523601527769545
19.950000000000003 0.8410211736404084
20.05 0.8376313094345298
20.150000000000002 0.8248301629441709
20.25 0.8287437868310161
20.35 0.8207111650892676
20.450000000000003 0.8156556753495245
20.55 0.8136050970108364
20.650000000000002 0.8036018110595607
20.75 0.800621102799542
20.85 0.7940990903640678
20.950000000000003 0.7885465864788986
21.05 0.7883129455288804
21.150000000000002 0.7861311638952229
21.25 0.7753375796939864
21.35 0.7716931280507779
21.450000000000003 0.7690540840379309
21.55 0.7694096744894485
21.650000000000002 0.7620870020015529
21.75 0.7582317706197144
21.85 0.7633426154140824
21.950000000000003 0.7569970318134036
22.05 0.7500572888750534
22.150000000000002 0.7502911919038603
22.25 0.7478407634703811
22.35 0.7498999956340983
22.450000000000003 0.7436751935746266
22.55 0.7414815468240699
22.650000000000002 0.7373409899008753
22.75 0.741101168059211
22.85 0.735291513795409
22.950000000000003 0.7376776992710969
23.05 0.7325656783358885
23.150000000000002 0.7319721247262272
23.25 0.7330775039866971
23.35 0.7317317692701214
23.450000000000003 0.7288730417612986
23.55 0.7270256769901943
23.650000000000002 0.7250905477428481
23.75 0.7298021183847823
23.85 0.7265523259811975
23.950000000000003 0.7282604106993701
24.05 0.7283936228795074
24.150000000000002 0.7264927091693512
24.25 0.7220332934945064
24.35 0.7260892927431579
24.450000000000003 0.7252258052579206
24.55 0.7286050999044219
24.650000000000002 0.728896966760826
24.75 0.7270738784900389
24.85 0.7300322214922927
24.950000000000003 0.7261944459519061
25.05 0.7292963078786301

