0.05 0.0
0.15000000000000002 0.0
0.25 0.0
0.35000000000000003 0.0
0.45 0.0
0.55 0.0
0.65 0.0
0.75 0.0
0.8500000000000001 0.0
0.9500000000000001 0.0
1.05 0.0
1.1500000000000001 0.0
1.25 0.0
1.35 0.0
1.4500000000000002 0.0
1.55 0.0
1.6500000000000001 0.0
1.75 0.0
1.85 0.0
1.9500000000000002 0.0
2.0500000000000003 0.0
2.15 0.0
2.25 0.0
2.35 0.0
2.45 0.0
2.5500000000000003 0.0
2.6500000000000004 0.0
2.75 0.0016251195817066247
2.85 0.0020154516359314496
2.95 0.001412816889236259
3.0500000000000003 0.002636724313330998
3.1500000000000004 0.025172785940455907
3.25 0.11550134064884905
3.35 0.29987580168584527
3.45 0.6535329453335499
3.5500000000000003 1.1478171771277432
3.6500000000000004 1.6877825608668793
3.75 2.1305947435311094
3.85 2.5589405952253412
3.95 2.869907936243844
4.05 3.1529624290074225
4.15 3.3010180343794566
4.25 3.433395168171922
4.3500000000000005 3.6283746807558015
4.45 3.7232501891305017
4.55 3.85962867066306
4.65 4.04082480598362
4.75 4.156620823516695
4.8500000000000005 4.232834526645299
4.95 4.33157044622056
5.050000000000001 4.476685916934445
5.15 4.4794399464620565
5.25 4.513789965353476
5.3500000000000005 4.487570636271813
5.45 4.4850363112759
5.550000000000001 4.4655876265191035
5.65 4.459446696814348
5.75 4.426275867624953
5.8500000000000005 4.399110250989934
5.95 4.37670304038978
6.050000000000001 4.349527409523956
6.15 4.303802583509408
6.25 4.284566367860968
6.3500000000000005 4.204495507205713
6.45 4.183847759503228
6.550000000000001 4.144395373382553
6.65 4.111746236815257
6.75 4.091829382757835
6.8500000000000005 4.057922139458956
6.95 3.9944397758585946
7.050000000000001 3.9476515191274357
7.15 3.8983283919042897
7.25 3.892051765397034
7.3500000000000005 3.8571604225275333
7.45 3.8461158680414558
7.550000000000001 3.78085890889917
7.65 3.7708729534443646
7.75 3.7489587913362983
7.8500000000000005 3.717644778128951
7.95 3.7078958809130618
8.05 3.6842770050347986
8.15 3.6683791267866757
8.25 3.6259368254142736
8.35 3.6109239153020893
8.450000000000001 3.5926417160410664
8.55 3.5596239674641064
8.65 3.5592260830175286
8.75 3.50483954182415
8.85 3.486699947011181
8.950000000000001 3.5038417475349277
9.05 3.467825277528231
9.15 3.469430176517192
9.25 3.469135973660958
9.35 3.458209906423871
9.450000000000001 3.441474501496676
9.55 3.4665399617627077
9.65 3.4647937953629624
9.75 3.433087984067917
9.850000000000001 3.434847203394221
9.950000000000001 3.4290315481642413
10.05 3.4326720239821316
10.15 3.4728097020799584
10.25 3.488887132373954
10.350000000000001 3.5267241874901596
10.450000000000001 3.568746738697179
10.55 3.621367979769316
10.65 3.704361266580917
10.75 3.7734973139693575
10.850000000000001 3.8647180929675966
10.950000000000001 3.9189376702536243
11.05 3.9736175134953924
11.15 4.009169822389749
11.25 3.9829691886099288
11.350000000000001 3.9552116163020914
11.450000000000001 3.9048381604021585
11.55 3.8267785090399467
11.65 3.7438049422227166
11.75 3.6717577183929384
11.850000000000001 3.5990049156318595
11.950000000000001 3.537125122154588
12.05 3.433970883890803
12.15 3.365507341353218
12.25 3.277225332980593
12.350000000000001 3.2161833424078177
12.450000000000001 3.1411388259580586
12.55 3.043339943420785
12.65 2.955703972970683
12.75 2.844880963690392
12.850000000000001 2.790176681813564
12.950000000000001 2.71397639232684
13.05 2.6188098125233843
13.15 2.55119932104189
13.25 2.4729142579281316
13.350000000000001 2.404798967547869
13.450000000000001 2.334721829740997
13.55 2.276551069234939
13.65 2.20463310133796
13.75 2.147316333400507
13.850000000000001 2.112443230680619
13.950000000000001 2.0604866946865616
14.05 1.9988261813923804
14.15 1.9684846094403825
14.25 1.9171181126030938
14.350000000000001 1.886496338603302
14.450000000000001 1.850378470215299
14.55 1.8146104240109164
14.65 1.7709558654219348
14.75 1.7318372023217217
14.850000000000001 1.699571417662309
14.950000000000001 1.6564363847124557
15.05 1.6240183375602486
15.15 1.588850295688969
15.25 1.564551307334842
15.350000000000001 1.5283706599843754
15.450000000000001 1.4954521482723273
15.55 1.475273595666872
15.65 1.4323367783010843
15.75 1.4197342341701158
15.850000000000001 1.3854457554055906
15.950000000000001 1.3746020324272725
16.05 1.347997992187586
16.150000000000002 1.335079587140203
16.25 1.3060927320640994
16.35 1.279194243077671
16.45 1.2682484894014745
16.55 1.2435126807016201
16.650000000000002 1.2250570622536743
16.75 1.2113992267922447
16.85 1.1894788362654363
16.95 1.1657418746916308
17.05 1.1527331428911063
17.150000000000002 1.1403027042035512
17.25 1.115272316637051
17.35 1.110406408991336
17.45 1.0807039137833492
17.55 1.0702298130275618
17.650000000000002 1.0500654314403832
17.75 1.0387164332539194
17.85 1.0212656531378892
17.95 1.014684236212475
18.05 1.0011354198010682
18.150000000000002 0.9980289364056321
18.25 0.9796053356988947
18.35 0.9665367979131749
18.45 0.9557346298843695
18.55 0.9404053273769701
18.650000000000002 0.9296256800161149
18.75 0.9252785618445653
18.85 0.9161003553610264
18.95 0.8999830432480859
19.05 0.897707936224357
19.150000000000002 0.8798422998158884
19.25 0.8720342080950219
19.35 0.8607931017298979
19.450000000000003 0.8589026652157145
19.55 0.8532711448802032
19.650000000000002 0.8341996207168044
19.75 0.829495341509186
19.85 0.8192198746534394
19.950000000000003 0.8125848001833582
20.05 0.8103703459612769
20.150000000000002 0.8049785006628013
20.25 0.7984774451285727
20.35 0.7867242027363384
20.450000000000003 0.7798982574925934
20.55 0.7738729736834904
20.650000000000002 0.7694923016887637
20.75 0.7624918860145159
20.85 0.7597616886736582
20.950000000000003 0.752121217308297
21.05 0.7457735968626502
21.150000000000002 0.7434792070925824
21.25 0.7383668562043646
21.35 0.7314254798450636
21.450000000000003 0.7217758428116483
21.55 0.7288091834347505
21.650000000000002 0.7148491970462695
21.75 0.7152483223234277
21.85 0.7094135085412125
21.950000000000003 0.7034901849207135
22.05 0.7068884867321049
22.150000000000002 0.7040813180134547
22.25 0.6985158572905267
22.35 0.695834944299319
22.450000000000003 0.6941379514956058
22.55 0.688275571278122
22.650000000000002 0.6841058561318878
22.75 0.683569349242645
22.85 0.6784265234520691
22.950000000000003 0.6847674910081079
23.05 0.6800094129559839
23.150000000000002 0.6812418086657025
23.25 0.677078601646009
23.35 0.6725170739914971
23.450000000000003 0.6724600034143516
23.55 0.6737289978890738
23.650000000000002 0.6729353655915369
23.75 0.6697323369754227
23.85 0.6698483304387962
23.950000000000003 0.6681716865153864
24.05 0.6683391143676712
24.150000000000002 0.6691771332126405
24.25 0.671258781966279
24.35 0.6702494171139386
24.450000000000003 0.666452989233098
24.55 0.6740575345096687
24.650000000000002 0.6702683699686386
24.75 0.6735291355570909
24.85 0.6717561942614969
24.950000000000003 0.6677128290579573
25.05 0.6739544134764015

