0.05 0.0
0.15000000000000002 0.0
0.25 0.0
0.35000000000000003 0.0
0.45 0.0
0.55 0.0
0.65 0.0
0.75 0.0
0.8500000000000001 0.0
0.9500000000000001 0.0
1.05 0.0
1.1500000000000001 0.0
1.25 0.0
1.35 0.0
1.4500000000000002 0.0
1.55 0.0
1.6500000000000001 0.0
1.75 0.0
1.85 0.0
1.9500000000000002 0.0
2.0500000000000003 0.0
2.15 0.0
2.25 0.0
2.35 0.0
2.45 0.0
2.5500000000000003 0.0
2.6500000000000004 0.0
2.75 0.0
2.85 0.0
2.95 0.0
3.0500000000000003 0.0004408436851004609
3.1500000000000004 0.0
3.25 0.0007729089926329451
3.35 0.013496658471180494
3.45 0.09423742123870829
3.5500000000000003 0.38531896151074424
3.6500000000000004 0.962755373982721
3.75 1.6445281879860676
3.85 2.3112135946704147
3.95 2.7695468612434904
4.05 3.0824928971284384
4.15 3.398153850893463
4.25 3.652271778020037
4.3500000000000005 3.9736545597203103
4.45 4.270556858427874
4.55 4.631175999976342
4.65 4.8981359953661645
4.75 5.088775776781549
4.8500000000000005 5.224507032633948
4.95 5.258017779190249
5.050000000000001 5.313977841061481
5.15 5.256927084726789
5.25 5.161362269885699
5.3500000000000005 5.129557680299173
5.45 4.999326414321237
5.550000000000001 4.938419325137852
5.65 4.781681766237648
5.75 4.779166206167649
5.8500000000000005 4.682183477804325
5.95 4.593438092765907
6.050000000000001 4.586196039618406
6.15 4.4791622037421615
6.25 4.448959814995883
6.3500000000000005 4.420506859422469
6.45 4.3691128663823795
6.550000000000001 4.330578322168817
6.65 4.266743387489828
6.75 4.26758150607034
6.8500000000000005 4.217000163030049
6.95 4.158597584831481
7.050000000000001 4.14187747571435
7.15 4.104520867289711
7.25 4.071338857818223
7.3500000000000005 4.0042429755641535
7.45 3.923064323414241
7.550000000000001 3.9178844488631355
7.65 3.8588321996228663
7.75 3.8225854375058876
7.8500000000000005 3.7881675185937684
7.95 3.754295518477736
8.05 3.713800756798437
8.15 3.703511239667311
8.25 3.703694691540148
8.35 3.663997432637128
8.450000000000001 3.6313859163702524
8.55 3.656294991830569
8.65 3.6212665784645717
8.75 3.603076050469886
8.85 3.600725037281756
8.950000000000001 3.597257037701732
9.05 3.5793836409522366
9.15 3.5659923529100244
9.25 3.5576185698139065
9.35 3.550288754218605
9.450000000000001 3.541890095675515
9.55 3.513709657867336
9.65 3.4982643640206685
9.75 3.487401749808823
9.850000000000001 3.488290599014814
9.950000000000001 3.4983198133064195
10.05 3.4910235471974733
10.15 3.5205880468239172
10.25 3.53810614411779
10.350000000000001 3.5501017486733555
10.450000000000001 3.597762058545478
10.55 3.6748498966520713
10.65 3.7417932532542393
10.75 3.779246810822462
10.850000000000001 3.8772510558890145
10.950000000000001 3.979694877416494
11.05 4.098775420743749
11.15 4.185990202399297
11.25 4.242801755093263
11.350000000000001 4.23222913908296
11.450000000000001 4.210537836408623
11.55 4.140083592046436
11.65 4.107798279607962
11.75 4.021406730962775
11.850000000000001 3.9391464140240324
11.950000000000001 3.8548031953766992
12.05 3.7146655707874334
12.15 3.5681375584299557
12.25 3.4252026945805394
12.350000000000001 3.2540308218774214
12.450000000000001 3.136058863275383
12.55 2.993184279879017
12.65 2.900673278392763
12.75 2.7875286765250444
12.850000000000001 2.707630942102453
12.950000000000001 2.6173743538576826
13.05 2.533623750474284
13.15 2.463399452029121
13.25 2.403693666854091
13.350000000000001 2.3131688791168834
13.450000000000001 2.259852420362355
13.55 2.1826142387794176
13.65 2.117765686577039
13.75 2.066637606514359
13.850000000000001 2.001050122122838
13.950000000000001 1.9493788867238886
14.05 1.9071181474502863
14.15 1.865988215706188
14.25 1.832976876544123
14.350000000000001 1.7925133780035105
14.450000000000001 1.7589593938576509
14.55 1.73312934056436
14.65 1.7019646475370585
14.75 1.666336560815775
14.850000000000001 1.6367682315049654
14.950000000000001 1.602361272107992
15.05 1.5779603959340076
15.15 1.5596314753481617
15.25 1.5078337808256166
15.350000000000001 1.4899777019348899
15.450000000000001 1.4462117222031712
15.55 1.4237948420398927
15.65 1.3992273059342741
15.75 1.3699495309249594
15.850000000000001 1.345565089970051
15.950000000000001 1.3179605539368286
16.05 1.3016329328293144
16.150000000000002 1.28692524402766
16.25 1.2577233599112876
16.35 1.246566528783283
16.45 1.2217357166794898
16.55 1.2157594965307694
16.650000000000002 1.1914960403303334
16.75 1.1782920508128913
16.85 1.1544639199398539
16.95 1.150306211224491
17.05 1.1294004469631553
17.150000000000002 1.105540382216397
17.25 1.0873315126742913
17.35 1.075108572333476
17.45 1.0630735395834752
17.55 1.0480785585492736
17.650000000000002 1.0309570641881876
17.75 1.0199506120667303
17.85 1.004874820420115
17.95 0.9884000867603254
18.05 0.9698073127829931
18.150000000000002 0.9606641957804951
18.25 0.9576519188966348
18.35 0.9413734463441467
18.45 0.9362993338976762
18.55 0.917289799258739
18.650000000000002 0.9138470836204309
18.75 0.900844784367885
18.85 0.8906593586510569
18.95 0.8844412440862778
19.05 0.8791366008543952
19.150000000000002 0.8592636541617551
19.25 0.8534658099282844
19.35 0.8432092474544648
19.450000000000003 0.8354882342773328
19.55 0.828380966033818
19.650000000000002 0.8185504933275101
19.75 0.8085879940679039
19.85 0.800044032391261
19.950000000000003 0.795249297247936
20.05 0.7848515155144288
20.150000000000002 0.7775691403583821
20.25 0.77380830734772
20.35 0.7665862374771804
20.450000000000003 0.7582586846382575
20.55 0.7537043226634772
20.650000000000002 0.747391583780409
20.75 0.7404559862178087
20.85 0.7380162870275463
20.950000000000003 0.7266383260108271
21.05 0.7285283959489741
21.150000000000002 0.7224804985283023
21.25 0.7143630014150165
21.35 0.7105248353617983
21.450000000000003 0.7067066526519035
21.55 0.701503700245252
21.650000000000002 0.6983485628443487
21.75 0.6921237770140543
21.85 0.6909499301075109
21.950000000000003 0.6866066672295844
22.05 0.6777884437093281
22.150000000000002 0.6799815475424457
22.25 0.6737622440060493
22.35 0.6747244208519172
22.450000000000003 0.6703914044436249
22.55 0.6640311648410808
22.650000000000002 0.6648952184071929
22.75 0.6619744752954583
22.85 0.6624289045584504
22.950000000000003 0.6604765769081542
23.05 0.6583521737923177
23.150000000000002 0.6542897855655628
23.25 0.656229839418693
23.35 0.6526443476577489
23.450000000000003 0.655738057361062
23.55 0.6511799078739018
23.650000000000002 0.6479590799971923
23.75 0.6512803889641962
23.85 0.6534618886037407
23.950000000000003 0.6487766052293605
24.05 0.6501791017609926
24.150000000000002 0.6470398334958808
24.25 0.6519733189337983
24.35 0.6512263598517373
24.450000000000003 0.6521315438951925
24.55 0.6495300024685534
24.650000000000002 0.651600987399508
24.75 0.6537667135739547
24.85 0.6494743996987712
24.950000000000003 0.6518656278398021
25.05 0.6553393485305806

