0.05 0.0
0.15000000000000002 0.0
0.25 0.0
0.35000000000000003 0.0
0.45 0.0
0.55 0.0
0.65 0.0
0.75 0.0
0.8500000000000001 0.0
0.9500000000000001 0.0
1.05 0.0
1.1500000000000001 0.0
1.25 0.0
1.35 0.0
1.4500000000000002 0.0
1.55 0.0
1.6500000000000001 0.0
1.75 0.0
1.85 0.0
1.9500000000000002 0.0
2.0500000000000003 0.0
2.15 0.0
2.25 0.0
2.35 0.0
2.45 0.0
2.5500000000000003 0.0019622549073244453
2.6500000000000004 0.006064711423800435
2.75 0.012376949902922691
2.85 0.030656283673889496
2.95 0.04426573705874253
3.0500000000000003 0.06817494747240883
3.1500000000000004 0.09436803183828649
3.25 0.16499329781176109
3.35 0.3557560952966369
3.45 0.665838070089891
3.5500000000000003 1.085464811085397
3.6500000000000004 1.5725316935950984
3.75 1.960299557385443
3.85 2.321258836776728
3.95 2.5403916789197347
4.05 2.722729996074774
4.15 2.8603264496592433
4.25 2.9590410491914003
4.3500000000000005 3.0351116458890153
4.45 3.1466730053876883
4.55 3.2511121438922035
4.65 3.379601504986747
4.75 3.47263370903631
4.8500000000000005 3.551057139462722
4.95 3.6381884900293717
5.050000000000001 3.6217224511514075
5.15 3.6520324429606847
5.25 3.6369344437678595
5.3500000000000005 3.616517547427296
5.45 3.595154551742402
5.550000000000001 3.5638780229428506
5.65 3.529263294799952
5.75 3.4928564927990293
5.8500000000000005 3.476569112421622
5.95 3.4457797715233185
6.050000000000001 3.3966375014886805
6.15 3.358350095700575
6.25 3.347638820899209
6.3500000000000005 3.3204133100587168
6.45 3.300681409647487
6.550000000000001 3.2777290137738073
6.65 3.239429293401218
6.75 3.228542700560983
6.8500000000000005 3.200550902844911
6.95 3.1847553777607724
7.050000000000001 3.207827818641232
7.15 3.183460238786158
7.25 3.183825768375997
7.3500000000000005 3.175074305179947
7.45 3.1600501930341047
7.550000000000001 3.1895706592572237
7.65 3.1758364744976144
7.75 3.1699337559797365
7.8500000000000005 3.1748358513294086
7.95 3.194540272882115
8.05 3.201486639772174
8.15 3.195557353955175
8.25 3.209668244354979
8.35 3.2230372976141304
8.450000000000001 3.1998878450762533
8.55 3.2173098633401906
8.65 3.2013062589133874
8.75 3.2118936032873484
8.85 3.216543515597031
8.950000000000001 3.2278023275150276
9.05 3.218759821164129
9.15 3.218892874386312
9.25 3.2397334956360617
9.35 3.2493921962175687
9.450000000000001 3.228334086252981
9.55 3.2491342011264006
9.65 3.2485809715480576
9.75 3.2247715813277558
9.850000000000001 3.2147091519579645
9.950000000000001 3.232740376759789
10.05 3.2350089604961565
10.15 3.2364946558995924
10.25 3.2755307513606278
10.350000000000001 3.2784160701270855
10.450000000000001 3.33760479554097
10.55 3.382984831757959
10.65 3.4366208725501073
10.75 3.495442579329216
10.850000000000001 3.546912422890535
10.950000000000001 3.627257481926221
11.05 3.653540295252727
11.15 3.6580179475628882
11.25 3.64104122697303
11.350000000000001 3.5812051474280286
11.450000000000001 3.534323378045487
11.55 3.4757902547900352
11.65 3.405456295498164
11.75 3.343345051424211
11.850000000000001 3.264711572341639
11.950000000000001 3.2100803790670125
12.05 3.141492809958402
12.15 3.0696242815960404
12.25 2.998035045178892
12.350000000000001 2.9343835227137083
12.450000000000001 2.8561528686265025
12.55 2.7752265138636494
12.65 2.7150419804656387
12.75 2.6437905871418743
12.850000000000001 2.587149372973419
12.950000000000001 2.525573236440888
13.05 2.4575932406587477
13.15 2.415346381590822
13.25 2.3624007352351497
13.350000000000001 2.3142330526151222
13.450000000000001 2.27132427557877
13.55 2.239156033332458
13.65 2.189363402323772
13.75 2.1563822169717852
13.850000000000001 2.122022274102664
13.950000000000001 2.0908366208863045
14.05 2.0600972681915124
14.15 2.0341650700386924
14.25 2.001069601275012
14.350000000000001 1.9756591685461613
14.450000000000001 1.9556055727455732
14.55 1.9343607632259479
14.65 1.9215440272366293
14.75 1.8872786226252056
14.850000000000001 1.8620416821074093
14.950000000000001 1.8445766904785568
15.05 1.813474068426885
15.15 1.7965362828491265
15.25 1.7687601015835168
15.350000000000001 1.748175445531364
15.450000000000001 1.7180313718796532
15.55 1.6910533545208706
15.65 1.6631010865268845
15.75 1.639846662291009
15.850000000000001 1.6165861404455046
15.950000000000001 1.5861421079837612
16.05 1.5608429604965464
16.150000000000002 1.5356123406166915
16.25 1.5059565382609317
16.35 1.4858680410662317
16.45 1.4606690938846791
16.55 1.4315340904475469
16.650000000000002 1.4084291332267378
16.75 1.3806233633782692
16.85 1.35887767335802
16.95 1.338500052449969
17.05 1.3067161642221212
17.150000000000002 1.2867604350185082
17.25 1.265385850998166
17.35 1.2462041159809147
17.45 1.2265796965767914
17.55 1.200923753765667
17.650000000000002 1.1859471058379227
17.75 1.1699487727469204
17.85 1.1433080816625998
17.95 1.1320993044734422
18.05 1.1074126709040948
18.150000000000002 1.0940405169011078
18.25 1.0808828622942364
18.35 1.0635251568694837
18.45 1.0461367909245314
18.55 1.0348078348764842
18.650000000000002 1.0216176144598048
18.75 1.0062173775872667
18.85 0.9932117153012139
18.95 0.9794233335534362
19.05 0.9666662927268642
19.150000000000002 0.9530775504050577
19.25 0.9427739126763763
19.35 0.9315384187457699
19.450000000000003 0.9186242883148089
19.55 0.909514302877247
19.650000000000002 0.8979882321375215
19.75 0.8862475677827671
19.85 0.8774203234046611
19.950000000000003 0.8674752131859234
20.05 0.8553514323802673
20.150000000000002 0.846676632178468
20.25 0.8376215195996443
20.35 0.8259933310795278
20.450000000000003 0.8170177767882115
20.55 0.8090880391247838
20.650000000000002 0.801978524669092
20.75 0.7980181253630523
20.85 0.7847609813253186
20.950000000000003 0.7811942305830692
21.05 0.7721678933308037
21.150000000000002 0.764727698766725
21.25 0.7619310074962926
21.35 0.7513491093332327
21.450000000000003 0.7452763803282312
21.55 0.738854831368131
21.650000000000002 0.7323620023781451
21.75 0.7286077645252934
21.85 0.7244558855196213
21.950000000000003 0.7173274920270675
22.05 0.7119402467481003
22.150000000000002 0.7082863538045377
22.25 0.7046092865887253
22.35 0.6983080618714291
22.450000000000003 0.6934239223246165
22.55 0.6897592364816735
22.650000000000002 0.6846443275931879
22.75 0.6798351179975972
22.85 0.6773238889116411
22.950000000000003 0.675938752924004
23.05 0.673406939760885
23.150000000000002 0.6677673453414414
23.25 0.6688689181580997
23.35 0.6665191993257035
23.450000000000003 0.6628544152393867
23.55 0.6599899664381973
23.650000000000002 0.6578662775289406
23.75 0.6545963853938619
23.85 0.6555633380957424
23.950000000000003 0.6510329154695175
24.05 0.6511350939648615
24.150000000000002 0.6485611719877571
24.25 0.650554881593906
24.35 0.6482230280023316
24.450000000000003 0.6467326800797365
24.55 0.6482082054526072
24.650000000000002 0.6465025516907942
24.75 0.646335484200435
24.85 0.6461002389397604
24.950000000000003 0.6470823652303838
25.05 0.6456303195871138

