0.05 0.0
0.15000000000000002 0.0
0.25 0.0
0.35000000000000003 0.0
0.45 0.0
0.55 0.0
0.65 0.0
0.75 0.0
0.8500000000000001 0.0
0.9500000000000001 0.0
1.05 0.0
1.1500000000000001 0.0
1.25 0.0
1.35 0.0
1.4500000000000002 0.0
1.55 0.0
1.6500000000000001 0.0
1.75 0.0
1.85 0.0
1.9500000000000002 0.0
2.0500000000000003 0.0
2.15 0.0
2.25 0.0
2.35 0.0
2.45 0.0
2.5500000000000003 0.000654331230116979
2.6500000000000004 0.003335719211967295
2.75 0.013221960162026165
2.85 0.03904096636023057
2.95 0.06333246116551729
3.0500000000000003 0.10614656388656474
3.1500000000000004 0.15634536096058996
3.25 0.20288441093857315
3.35 0.2861692732067093
3.45 0.46218038126910876
3.5500000000000003 0.7384609707666914
3.6500000000000004 1.1233151821518543
3.75 1.5557729160452083
3.85 1.9286572439940748
3.95 2.2845942617128308
4.05 2.542793283814595
4.15 2.753227745807438
4.25 2.940343752889957
4.3500000000000005 3.101497006169083
4.45 3.2657633311331464
4.55 3.3933401756487993
4.65 3.535590953572367
4.75 3.676145497376773
4.8500000000000005 3.7801532105900373
4.95 3.8792856801742164
5.050000000000001 3.953461002951229
5.15 4.00557743768782
5.25 3.968563150606281
5.3500000000000005 4.034005321050383
5.45 3.9956608779246308
5.550000000000001 3.985305306221454
5.65 4.0020965483754445
5.75 3.999210173614287
5.8500000000000005 4.005091792491946
5.95 3.989322561065441
6.050000000000001 3.9866634612146234
6.15 3.946705014039486
6.25 3.9107859391257165
6.3500000000000005 3.8937660830772898
6.45 3.882100979711086
6.550000000000001 3.8363535004670806
6.65 3.8320144671464793
6.75 3.8066187213695635
6.8500000000000005 3.796043307348948
6.95 3.749213618552593
7.050000000000001 3.733405190880504
7.15 3.715133344202405
7.25 3.665584805968322
7.3500000000000005 3.633066780868489
7.45 3.61781108565288
7.550000000000001 3.593116354176889
7.65 3.5661473795309897
7.75 3.536516541039225
7.8500000000000005 3.546985696932957
7.95 3.518968785202829
8.05 3.502401655592645
8.15 3.4967414308061775
8.25 3.4808967440738416
8.35 3.4746605824159453
8.450000000000001 3.47100973787309
8.55 3.4440161929008584
8.65 3.437208214836681
8.75 3.4076788290258913
8.85 3.409952369075451
8.950000000000001 3.397488881011445
9.05 3.3898542311619284
9.15 3.3788553457392254
9.25 3.359602536050096
9.35 3.362535732571148
9.450000000000001 3.3618439896841967
9.55 3.352485081641089
9.65 3.330420026328584
9.75 3.324976535564358
9.850000000000001 3.3205577665538035
9.950000000000001 3.3133164238268473
10.05 3.3176903406946825
10.15 3.3177334539422603
10.25 3.3343670546517616
10.350000000000001 3.351701093738646
10.450000000000001 3.3881210411519502
10.55 3.4304105331446886
10.65 3.4735083333013033
10.75 3.5130591054286024
10.850000000000001 3.5638625924693024
10.950000000000001 3.63099637085589
11.05 3.692593185898679
11.15 3.721912060188777
11.25 3.7417449867704544
11.350000000000001 3.740644762688688
11.450000000000001 3.71399594189341
11.55 3.672058037056774
11.65 3.621643838120079
11.75 3.549484111267243
11.850000000000001 3.4913890235565708
11.950000000000001 3.4191319433853082
12.05 3.352517368956737
12.15 3.2825520618572614
12.25 3.202831998794554
12.350000000000001 3.124139556522611
12.450000000000001 3.041700325862197
12.55 2.9853771573409587
12.65 2.9089057669283505
12.75 2.8487740232702055
12.850000000000001 2.7851074405577507
12.950000000000001 2.7284973237236714
13.05 2.6545310368969552
13.15 2.5954893090039657
13.25 2.5383971815836617
13.350000000000001 2.4762456996002324
13.450000000000001 2.41243479483228
13.55 2.360492661641137
13.65 2.295518143820885
13.75 2.2511197171252952
13.850000000000001 2.186591856115615
13.950000000000001 2.1483671378014195
14.05 2.094139216549076
14.15 2.060358696917954
14.25 2.0150956227622028
14.350000000000001 1.9795980686666421
14.450000000000001 1.9427858979430914
14.55 1.9116235370067975
14.65 1.8745345705167968
14.75 1.8484078187771282
14.850000000000001 1.8234971463696552
14.950000000000001 1.7936836976740693
15.05 1.7553019843670732
15.15 1.7228088548672662
15.25 1.6990450914164485
15.350000000000001 1.6567522563492574
15.450000000000001 1.6328232955083153
15.55 1.604334044761418
15.65 1.5727135654759645
15.75 1.5368870003366197
15.850000000000001 1.5130048695905454
15.950000000000001 1.4855946055619127
16.05 1.4642381903633257
16.150000000000002 1.438856233216436
16.25 1.4156369912200892
16.35 1.3932186156007935
16.45 1.370847365326262
16.55 1.356929619527121
16.650000000000002 1.3347906262089442
16.75 1.3065434704219407
16.85 1.290924667372689
16.95 1.2706588392186715
17.05 1.2516254096606514
17.150000000000002 1.2261337465737752
17.25 1.2083073731137703
17.35 1.1913822989945038
17.45 1.1738754540304128
17.55 1.158557496378449
17.650000000000002 1.1419897187135923
17.75 1.12674641011807
17.85 1.1063481237655532
17.95 1.0892420111896663
18.05 1.0698694792064392
18.150000000000002 1.0593644802821085
18.25 1.0412940947913503
18.35 1.0314594415767642
18.45 1.0187638537634067
18.55 1.0064760456522712
18.650000000000002 0.9945995145744957
18.75 0.9808659689148077
18.85 0.9725122282216065
18.95 0.9593102153335281
19.05 0.943735495212135
19.150000000000002 0.9357107439099457
19.25 0.9163228307469712
19.35 0.9063746169428127
19.450000000000003 0.8952420166955467
19.55 0.8832643669207281
19.650000000000002 0.8759946382238571
19.75 0.8642241343621146
19.85 0.8530108644758728
19.950000000000003 0.8448206988095576
20.05 0.83307301421371
20.150000000000002 0.8251835282868811
20.25 0.8157762228659183
20.35 0.8027917246003001
20.450000000000003 0.795262279408875
20.55 0.7871665595679959
20.650000000000002 0.7771849697174396
20.75 0.7728302570056462
20.85 0.7672259884314966
20.950000000000003 0.7538461964869327
21.05 0.7513681876788401
21.150000000000002 0.739990050946097
21.25 0.7324554534771228
21.35 0.7269402395530649
21.450000000000003 0.7202699643824004
21.55 0.7116633476258468
21.650000000000002 0.7041907500561679
21.75 0.7027681003482598
21.85 0.6892237023932634
21.950000000000003 0.6867608222985266
22.05 0.6795588835376617
22.150000000000002 0.675853730327483
22.25 0.6677448203467828
22.35 0.6660601625633583
22.450000000000003 0.6581491167399309
22.55 0.6563182467480623
22.650000000000002 0.6481876406983177
22.75 0.6435167835547352
22.85 0.640094003822923
22.950000000000003 0.6353521467353737
23.05 0.634212573725501
23.150000000000002 0.6258465656107751
23.25 0.6250807425232905
23.35 0.618908280796511
23.450000000000003 0.6175795945769397
23.55 0.610913687586609
23.650000000000002 0.6126684098446571
23.75 0.606945176465663
23.85 0.6073014645294668
23.950000000000003 0.6002508370144484
24.05 0.6003748957815006
24.150000000000002 0.5993811252970422
24.25 0.5919960453931794
24.35 0.5937288521271082
24.450000000000003 0.59078362998412
24.55 0.5895447613582303
24.650000000000002 0.5867055206557521
24.75 0.5868593614188203
24.85 0.586091502461935
24.950000000000003 0.5838438517565728
25.05 0.5858861405819461

