0.05 0.0
0.15000000000000002 0.0
0.25 0.0
0.35000000000000003 0.0
0.45 0.0
0.55 0.0
0.65 0.0
0.75 0.0
0.8500000000000001 0.0
0.9500000000000001 0.0
1.05 0.0
1.1500000000000001 0.0
1.25 0.0
1.35 0.0
1.4500000000000002 0.0
1.55 0.0
1.6500000000000001 0.0
1.75 0.0
1.85 0.0
1.9500000000000002 0.0
2.0500000000000003 0.0
2.15 0.0
2.25 0.0
2.35 0.0
2.45 0.0
2.5500000000000003 0.00032702305230317
2.6500000000000004 0.0009078290165220795
2.75 0.0033747687108348886
2.85 0.009955696675455874
2.95 0.017607693426547843
3.0500000000000003 0.02492910967354584
3.1500000000000004 0.03345088457993159
3.25 0.04815706141233109
3.35 0.06105711937652594
3.45 0.08241014549318519
3.5500000000000003 0.11837791529378953
3.6500000000000004 0.17283846321506674
3.75 0.23514494293876176
3.85 0.304778535419895
3.95 0.40658869276407467
4.05 0.46642102355881615
4.15 0.5653340175684131
4.25 0.6352906691558253
4.3500000000000005 0.7312499146069569
4.45 0.8559009446273605
4.55 0.9645743383855314
4.65 1.0864928939169618
4.75 1.210712430856504
4.8500000000000005 1.33205899254765
4.95 1.4409305127195935
5.050000000000001 1.5508179113393923
5.15 1.6271418007448042
5.25 1.6892087578493498
5.3500000000000005 1.7505116036129211
5.45 1.842416175673539
5.550000000000001 1.9208495032309418
5.65 2.0137656939687725
5.75 2.1122702055197857
5.8500000000000005 2.181239687958261
5.95 2.2994018758778725
6.050000000000001 2.4101846147281747
6.15 2.4834736650177454
6.25 2.559876380695016
6.3500000000000005 2.6409841813400523
6.45 2.661190205087903
6.550000000000001 2.735100424196894
6.65 2.7476346673557828
6.75 2.7771263915879043
6.8500000000000005 2.781459195421976
6.95 2.7902942693873904
7.050000000000001 2.782875247207866
7.15 2.774302800936044
7.25 2.7881430368386
7.3500000000000005 2.7910720896258523
7.45 2.804129786185936
7.550000000000001 2.798642651360117
7.65 2.796210636004483
7.75 2.797982729995408
7.8500000000000005 2.814758230363162
7.95 2.806443337949298
8.05 2.834940283323609
8.15 2.8446746693778717
8.25 2.8285308719955635
8.35 2.8262259167376134
8.450000000000001 2.85694345785591
8.55 2.8506463543234113
8.65 2.8405908697708178
8.75 2.855206204559227
8.85 2.8626218302965722
8.950000000000001 2.86674674030398
9.05 2.851167923035851
9.15 2.846919034986917
9.25 2.8448094079306503
9.35 2.82508039327303
9.450000000000001 2.8274001753326736
9.55 2.82303930532096
9.65 2.8177368303885735
9.75 2.8035517310749483
9.850000000000001 2.820005610790806
9.950000000000001 2.8080171669345466
10.05 2.8023517141332843
10.15 2.808576479371459
10.25 2.7905086736104345
10.350000000000001 2.8149576623727754
10.450000000000001 2.7965760301816274
10.55 2.7961369449602014
10.65 2.812455918125062
10.75 2.8094066023520843
10.850000000000001 2.8188268382541453
10.950000000000001 2.8382115949752476
11.05 2.8403727296243027
11.15 2.8482651695627683
11.25 2.8616248999273917
11.350000000000001 2.873468629464404
11.450000000000001 2.9000765983286705
11.55 2.9084508934519806
11.65 2.904235516297609
11.75 2.9166451598885508
11.850000000000001 2.9335355774604253
11.950000000000001 2.9336908613429156
12.05 2.9437083833427398
12.15 2.9378750025110243
12.25 2.922113157792234
12.350000000000001 2.905016253120014
12.450000000000001 2.8820923178197977
12.55 2.8588344450420142
12.65 2.841691559895827
12.75 2.8213088269432354
12.850000000000001 2.791252009094011
12.950000000000001 2.7747028134527483
13.05 2.770101110529347
13.15 2.7500952687677134
13.25 2.7284059418493567
13.350000000000001 2.697418573237441
13.450000000000001 2.673281172266891
13.55 2.6252842848362983
13.65 2.587118942605923
13.75 2.535107777250524
13.850000000000001 2.4789825302271007
13.950000000000001 2.434779260584472
14.05 2.385264791448378
14.15 2.331095408741826
14.25 2.2820293895033594
14.350000000000001 2.235341490184547
14.450000000000001 2.188033018444999
14.55 2.1549077513805805
14.65 2.112467749198615
14.75 2.0689747194948036
14.850000000000001 2.04008281602279
14.950000000000001 1.9948182480182737
15.05 1.972957803382506
15.15 1.9323922745052609
15.25 1.9077059003885188
15.350000000000001 1.8762366582699836
15.450000000000001 1.849350677903533
15.55 1.8130209542674756
15.65 1.7797501398764184
15.75 1.751725007917337
15.850000000000001 1.7245932845346001
15.950000000000001 1.694185470091639
16.05 1.6594593515241631
16.150000000000002 1.6297543266563632
16.25 1.6063494747559086
16.35 1.5718958652777537
16.45 1.5425442374875085
16.55 1.5209097710011918
16.650000000000002 1.4882463693167334
16.75 1.463781947824104
16.85 1.4352858258235661
16.95 1.4043345087359305
17.05 1.3748349370028934
17.150000000000002 1.3534593443741765
17.25 1.3303752800597382
17.35 1.3156560820363847
17.45 1.2881063751954176
17.55 1.2584174871408562
17.650000000000002 1.2450487553927427
17.75 1.2204706646365735
17.85 1.2014130594330688
17.95 1.1862051881340605
18.05 1.1697925569607388
18.150000000000002 1.1517618255448512
18.25 1.131326013668238
18.35 1.1081635055054035
18.45 1.092297954103072
18.55 1.0786468778928688
18.650000000000002 1.06465763623031
18.75 1.0456039731610411
18.85 1.0294199878553538
18.95 1.016095161084647
19.05 1.0028274126018584
19.150000000000002 0.9848366860905049
19.25 0.9749959532758354
19.35 0.9622312967091973
19.450000000000003 0.9491396703200963
19.55 0.9399370566666408
19.650000000000002 0.9301623194228381
19.75 0.9136808679632255
19.85 0.9041737414376124
19.950000000000003 0.8938657250935836
20.05 0.8862888740083692
20.150000000000002 0.8757229388779008
20.25 0.8602473535179935
20.35 0.8561499565171807
20.450000000000003 0.8426424180273672
20.55 0.8371007596005081
20.650000000000002 0.8278065068342206
20.75 0.8159051025652558
20.85 0.806765842322031
20.950000000000003 0.8027549837106848
21.05 0.7943231819791405
21.150000000000002 0.7851016403659798
21.25 0.7789166484957044
21.35 0.771546293491731
21.450000000000003 0.7708667932584531
21.55 0.76339101467841
21.650000000000002 0.7549536727665045
21.75 0.7485597444592569
21.85 0.7453122690920572
21.950000000000003 0.7408568829455752
22.05 0.7333893621949484
22.150000000000002 0.7254451537804718
22.25 0.7277186184250135
22.35 0.7206748043771891
22.450000000000003 0.717396400608698
22.55 0.7122965985014514
22.650000000000002 0.7069063451390319
22.75 0.7041969465927115
22.85 0.7033065308332154
22.950000000000003 0.6972473780711465
23.05 0.6967043078770144
23.150000000000002 0.6932943433876428
23.25 0.688868619494367
23.35 0.6863438502311694
23.450000000000003 0.6850039077920067
23.55 0.6852719490374263
23.650000000000002 0.6843174097037645
23.75 0.6847023486540083
23.85 0.6815287944815088
23.950000000000003 0.6809980840983615
24.05 0.6808912984646511
24.150000000000002 0.6808612930736141
24.25 0.6795211541540505
24.35 0.679439091056928
24.450000000000003 0.6771871894633723
24.55 0.679182449858503
24.650000000000002 0.6774957871513434
24.75 0.6797854985899683
24.85 0.678063780084839
24.950000000000003 0.6828613040793411
25.05 0.6820862239971325

