0.05 0.0
0.15000000000000002 0.0
0.25 0.0
0.35000000000000003 0.0
0.45 0.0
0.55 0.0
0.65 0.0
0.75 0.0
0.8500000000000001 0.0
0.9500000000000001 0.0
1.05 0.0
1.1500000000000001 0.0
1.25 0.0
1.35 0.0
1.4500000000000002 0.0
1.55 0.0
1.6500000000000001 0.0
1.75 0.0
1.85 0.0
1.9500000000000002 0.0
2.0500000000000003 0.0
2.15 0.0
2.25 0.0
2.35 0.0
2.45 0.0
2.5500000000000003 0.0
2.6500000000000004 0.0003015520432462571
2.75 0.0008436129315552446
2.85 0.002356302143592383
2.95 0.008070153544168346
3.0500000000000003 0.010526899987989446
3.1500000000000004 0.014587045326165813
3.25 0.02357361915059597
3.35 0.03736467687150704
3.45 0.0657961088068841
3.5500000000000003 0.1168796675356175
3.6500000000000004 0.18196499964648674
3.75 0.3063202963833682
3.85 0.41065148110572297
3.95 0.5104181578424839
4.05 0.6062192908555168
4.15 0.6884398759535879
4.25 0.7657451679956061
4.3500000000000005 0.7890556827783043
4.45 0.8585047141846128
4.55 0.9151603104580714
4.65 0.9673264160830433
4.75 1.035602676008761
4.8500000000000005 1.1248600382382947
4.95 1.193860422056046
5.050000000000001 1.2956544863698343
5.15 1.3668909425756246
5.25 1.4284500084192553
5.3500000000000005 1.4660084085753526
5.45 1.4980564047233542
5.550000000000001 1.525428502215263
5.65 1.5377450453038657
5.75 1.5576937536486397
5.8500000000000005 1.5490895536549618
5.95 1.5613648752122675
6.050000000000001 1.5700507005747872
6.15 1.5504443269987116
6.25 1.5770251814380813
6.3500000000000005 1.557266125384893
6.45 1.5615289464088347
6.550000000000001 1.5515128647720504
6.65 1.5563316057119014
6.75 1.5600914643345654
6.8500000000000005 1.5710341341700214
6.95 1.5889707872638215
7.050000000000001 1.6067692069291835
7.15 1.6417672508941819
7.25 1.676988381563682
7.3500000000000005 1.7222067723523458
7.45 1.7582031232683453
7.550000000000001 1.81324866810676
7.65 1.8707019957945663
7.75 1.9091467021967732
7.8500000000000005 1.9687435463384024
7.95 2.0257924893545414
8.05 2.0794444331004454
8.15 2.1200431225499448
8.25 2.178643145745774
8.35 2.231803544687731
8.450000000000001 2.2796603195984524
8.55 2.3135739417234134
8.65 2.3599111360220304
8.75 2.3784440772011997
8.85 2.4102567817114395
8.950000000000001 2.430737231022316
9.05 2.457919370955726
9.15 2.4857779583281485
9.25 2.4944820536893633
9.35 2.5092509282701405
9.450000000000001 2.5042986193241052
9.55 2.510666962763507
9.65 2.5216124081560354
9.75 2.523032669994733
9.850000000000001 2.525985813209918
9.950000000000001 2.520739896085491
10.05 2.5239082906642762
10.15 2.5181386999041617
10.25 2.5231483945505135
10.350000000000001 2.522764328106489
10.450000000000001 2.538727632374991
10.55 2.5435538515689258
10.65 2.5522956552133964
10.75 2.55069484797432
10.850000000000001 2.5647549246598635
10.950000000000001 2.579585003081177
11.05 2.5959017743312476
11.15 2.620283945432792
11.25 2.6354846967315444
11.350000000000001 2.6451367278557445
11.450000000000001 2.6411833000624116
11.55 2.634779791912577
11.65 2.619864038916801
11.75 2.6286381122236557
11.850000000000001 2.604567641375452
11.950000000000001 2.587498753368102
12.05 2.5819713604250984
12.15 2.574775894417437
12.25 2.5587476075148925
12.350000000000001 2.549912802535848
12.450000000000001 2.5436038618977848
12.55 2.5141738056472867
12.65 2.4962471174404683
12.75 2.467537529074697
12.850000000000001 2.4374150061104713
12.950000000000001 2.407871890104459
13.05 2.3797491049517228
13.15 2.3488071153491057
13.25 2.3201048416811596
13.350000000000001 2.3011502628470777
13.450000000000001 2.269369106478548
13.55 2.234735474069059
13.65 2.2207872177501193
13.75 2.193168786315947
13.850000000000001 2.1732383949191365
13.950000000000001 2.1598933464381425
14.05 2.1546076821274283
14.15 2.140964110661993
14.25 2.1293288818073948
14.350000000000001 2.129153397733993
14.450000000000001 2.121607140984434
14.55 2.120407338462748
14.65 2.12311029667223
14.75 2.1177492825486204
14.850000000000001 2.117138347750266
14.950000000000001 2.113826528535966
15.05 2.101813510001435
15.15 2.0825204469600878
15.25 2.0818469297511006
15.350000000000001 2.0639326436389767
15.450000000000001 2.0429409044241895
15.55 2.014597898155219
15.65 1.9852982170995737
15.75 1.9659577343450492
15.850000000000001 1.9289899253345297
15.950000000000001 1.8995396004987846
16.05 1.865265260962905
16.150000000000002 1.8319117543080135
16.25 1.796167640924832
16.35 1.7652965171543722
16.45 1.7255668615146689
16.55 1.6869889120699668
16.650000000000002 1.655257868981157
16.75 1.6147205565890193
16.85 1.5849285264012594
16.95 1.5530204714392648
17.05 1.518601608196718
17.150000000000002 1.4885353139058868
17.25 1.4586948086439788
17.35 1.4363092816017555
17.45 1.4040427254791255
17.55 1.375796295131233
17.650000000000002 1.346992568446441
17.75 1.3271916365706895
17.85 1.2990378370507794
17.95 1.2814713637540682
18.05 1.2501570963612145
18.150000000000002 1.2387352171818091
18.25 1.2142386081741583
18.35 1.1937530602050344
18.45 1.171345513647867
18.55 1.157215729529257
18.650000000000002 1.1405720807654287
18.75 1.1225830355297528
18.85 1.1080406462599128
18.95 1.0925259268647904
19.05 1.075823948828055
19.150000000000002 1.0630476997182983
19.25 1.0525957880384238
19.35 1.0376031575840656
19.450000000000003 1.0213407895890847
19.55 1.014148223618955
19.650000000000002 0.9976510397025978
19.75 0.986555059771291
19.85 0.9717770023068872
19.950000000000003 0.9608230082507105
20.05 0.9446687533181437
20.150000000000002 0.9371991032690854
20.25 0.9250609305622582
20.35 0.916000461679247
20.450000000000003 0.9074095499934258
20.55 0.8947211430816568
20.650000000000002 0.8838813566254305
20.75 0.8748551117373622
20.85 0.8716925055684711
20.950000000000003 0.8654910595525824
21.05 0.8511650791996233
21.150000000000002 0.8441402184036021
21.25 0.8411518295539429
21.35 0.8318047273757486
21.450000000000003 0.8280258866702136
21.55 0.819137467767446
21.650000000000002 0.8169968363907972
21.75 0.8105679973218186
21.85 0.8053139910038953
21.950000000000003 0.797132798171564
22.05 0.7936301736704892
22.150000000000002 0.789574874202835
22.25 0.7864986314607123
22.35 0.778417783157341
22.450000000000003 0.7731943531072633
22.55 0.7746462762352045
22.650000000000002 0.7685183573893825
22.75 0.7668814038755334
22.85 0.7625302420243685
22.950000000000003 0.7657534121411151
23.05 0.7599518272993815
23.150000000000002 0.7584635444635522
23.25 0.7566095379730818
23.35 0.753330412056809
23.450000000000003 0.7511618710169538
23.55 0.7522092039684669
23.650000000000002 0.7513816603087995
23.75 0.7485965897726015
23.85 0.7506162177955767
23.950000000000003 0.7477518581930784
24.05 0.7474011739541767
24.150000000000002 0.7481114412314639
24.25 0.7490888245767321
24.35 0.7451252875331267
24.450000000000003 0.7445956598026806
24.55 0.7452097459695243
24.650000000000002 0.7431822342002754
24.75 0.7485365506258297
24.85 0.7502244402702841
24.950000000000003 0.7506445521071388
25.05 0.7484098912796074

